ask 0 1
ask 0 2 3 4
ask 0 5 6 7
ask 0 8 9
move 2 0.766044 0.642788
move 3 0.173648 0.984808
move 4 -0.500000 0.866025
move 5 -0.939693 0.342020
move 6 -0.939693 -0.342020
move 7 -0.500000 -0.866025
move 8 0.173648 -0.984808
move 9 0.766044 -0.642788
ask 0 1
ask 0 2 3 4
ask 0 5 6 7
ask 0 8 9
move 2 -0.123257 0.123257
move 3 -0.173648 0.015192
move 4 0.157980 0.073667
move 5 0.073667 0.157980
move 6 -0.045115 0.168372
move 7 0.157980 -0.073667
move 8 0.168372 0.045115
move 9 0.099981 0.142788
ask 0 1
ask 0 2 3 4
ask 0 5 6 7
ask 0 8 9
move 2 0.064319 -0.058938
move 3 0.087156 -0.003805
move 4 -0.080598 -0.033385
move 5 -0.040282 -0.077382
move 6 0.018882 -0.085171
move 7 -0.080598 0.033385
move 8 -0.083201 -0.026233
move 9 -0.046873 -0.073576
ask 0 1
ask 0 2 3 4
ask 0 5 6 7
ask 0 8 9
move 2 0.030171 -0.031517
move 3 0.043370 -0.004750
move 4 -0.039130 -0.019297
move 5 -0.017572 -0.039935
move 6 0.012209 -0.041887
move 7 -0.039130 0.019297
move 8 -0.042379 -0.010370
move 9 -0.025799 -0.035185
ask 0 1
ask 0 2 3 4
ask 0 5 6 7
ask 0 8 9
move 2 0.014562 -0.016244
move 3 0.021597 -0.003083
move 4 -0.019240 -0.010284
move 5 -0.008128 -0.020245
move 6 0.006787 -0.020734
move 7 -0.019240 0.010284
move 8 -0.021349 -0.004489
move 9 -0.013469 -0.017162
ask 0 1
ask 0 2 3 4
ask 0 5 6 7
ask 0 8 9
move 2 0.007147 -0.008240
move 3 0.010772 -0.001718
move 4 -0.009535 -0.005299
move 5 -0.003898 -0.010188
move 6 0.003563 -0.010310
move 7 -0.009535 0.005299
move 8 -0.010710 -0.002070
move 9 -0.006874 -0.008470
ask 0 1
ask 0 2 3 4
ask 0 5 6 7
ask 0 8 9
move 2 0.003540 -0.004149
move 3 0.005379 -0.000903
move 4 -0.004746 -0.002688
move 5 -0.001907 -0.005110
move 6 0.001823 -0.005140
move 7 -0.004746 0.002688
move 8 -0.005363 -0.000991
move 9 -0.003472 -0.004207
ask 0 1
ask 0 2 3 4
ask 0 5 6 7
ask 0 8 9
move 2 0.001761 -0.002082
move 3 0.002688 -0.000463
move 4 -0.002367 -0.001354
move 5 -0.000943 -0.002559
move 6 0.000922 -0.002566
move 7 -0.002367 0.001354
move 8 -0.002684 -0.000485
move 9 -0.001744 -0.002096
ask 0 1
ask 0 2 3 4
ask 0 5 6 7
ask 0 8 9
move 2 0.000879 -0.001043
move 3 -0.001344 0.000232
move 4 0.001183 0.000678
move 5 -0.000469 -0.001280
move 6 0.000464 -0.001282
move 7 -0.001182 0.000679
move 8 0.001342 0.000241
move 9 0.000873 0.001048
ask 0 1
ask 0 2 3 4
ask 0 5 6 7
ask 0 8 9
move 2 -0.000439 0.000522
move 3 0.000672 -0.000116
move 4 0.000592 0.000338
move 5 0.000234 0.000640
move 6 0.000233 -0.000641
move 7 -0.000591 0.000340
move 8 -0.000671 -0.000121
move 9 0.000436 0.000524
ask 0 1
ask 0 2 3 4
ask 0 5 6 7
ask 0 8 9
move 2 0.000220 -0.000261
move 3 -0.000336 0.000058
move 4 -0.000296 -0.000169
move 5 0.000117 0.000320
move 6 -0.000116 0.000320
move 7 0.000295 -0.000170
move 8 -0.000336 -0.000060
move 9 0.000218 0.000262
ask 0 1
ask 0 2 3 4
ask 0 5 6 7
ask 0 8 9
move 2 -0.000110 0.000130
move 3 0.000168 -0.000029
move 4 -0.000148 -0.000085
move 5 0.000059 0.000160
move 6 0.000058 -0.000160
move 7 0.000148 -0.000085
move 8 -0.000168 -0.000030
move 9 -0.000109 -0.000131
ask 0 1
ask 0 2 3 4
ask 0 5 6 7
ask 0 8 9
move 2 0.000055 -0.000065
move 3 -0.000084 0.000014
move 4 0.000074 0.000042
move 5 -0.000029 -0.000080
move 6 0.000029 -0.000080
move 7 0.000074 -0.000043
move 8 0.000084 0.000015
move 9 -0.000054 -0.000066
ask 0 1
ask 0 2 3 4
ask 0 5 6 7
ask 0 8 9
move 2 0.000027 -0.000033
move 3 -0.000042 0.000007
move 4 0.000037 0.000021
move 5 -0.000015 -0.000040
move 6 0.000015 -0.000040
move 7 -0.000037 0.000021
move 8 -0.000042 -0.000008
move 9 0.000027 0.000033
ask 0 1
ask 0 2 3 4
ask 0 5 6 7
ask 0 8 9
move 2 0.000014 -0.000016
move 3 0.000021 -0.000004
move 4 -0.000018 -0.000011
move 5 0.000007 0.000020
move 6 0.000007 -0.000020
move 7 -0.000018 0.000011
move 8 0.000021 0.000004
move 9 -0.000014 -0.000016
ask 0 1
ask 0 2 3 4
ask 0 5 6 7
ask 0 8 9
move 2 -0.000007 0.000008
move 3 0.000010 -0.000002
move 4 -0.000009 -0.000005
move 5 -0.000004 -0.000010
move 6 0.000004 -0.000010
move 7 0.000009 -0.000005
move 8 0.000010 0.000002
move 9 0.000007 0.000008
ask 0 1
ask 0 2 3 4
ask 0 5 6 7
ask 0 8 9
move 2 -0.000003 0.000004
move 3 0.000005 -0.000001
move 4 0.000005 0.000003
move 5 0.000002 0.000005
move 6 -0.000002 0.000005
move 7 -0.000005 0.000003
move 8 -0.000005 -0.000001
move 9 -0.000003 -0.000004
ask 0 1
ask 0 2 3 4
ask 0 5 6 7
ask 0 8 9
move 2 -0.000002 0.000002
move 3 0.000003 -0.000000
move 4 0.000002 0.000001
move 5 -0.000001 -0.000003
move 6 -0.000001 0.000003
move 7 0.000002 -0.000001
move 8 0.000003 0.000000
move 9 0.000002 0.000002
ask 0 1
ask 0 2 3 4
ask 0 5 6 7
ask 0 8 9
move 2 -0.000001 0.000001
move 3 0.000001 -0.000000
move 4 -0.000001 -0.000001
move 5 0.000000 0.000001
move 6 0.000000 -0.000001
move 7 -0.000001 0.000001
move 8 -0.000001 -0.000000
move 9 0.000001 0.000001
ask 0 1
ask 0 2 3 4
ask 0 5 6 7
ask 0 8 9
move 2 0.000000 -0.000001
move 3 0.000001 -0.000000
move 4 -0.000001 -0.000000
move 5 0.000000 0.000001
move 6 0.000000 -0.000001
move 7 0.000001 -0.000000
move 8 -0.000001 -0.000000
move 9 -0.000000 -0.000001
ask 0 1
ask 0 2 3 4
ask 0 5 6 7
ask 0 8 9
move 1 0.000000 0.000004
move 2 -2.407071 -1.798766
move 3 1.509311 10.902803
move 4 -1.606522 3.690133
move 5 2.900425 -0.803409
move 6 -10.363095 -3.689399
move 7 -1.889894 -3.527582
move 8 -0.237584 3.004821
move 9 8.774173 -6.654248
100.00000000 0.00000000
100.00000000 -0.00000399
76.60444431 64.27876097
76.60444683 64.27875797
17.36481777 98.48077530
17.36485274 98.48076927
-50.00000000 86.60254038
-49.99999393 86.60254385
-93.96926208 34.20201433
-93.96927295 34.20198468
-93.96926208 -34.20201433
-93.96926401 -34.20200901
-50.00000000 -86.60254038
-50.00002981 -86.60252322
17.36481777 -98.48077530
17.36481443 -98.48077590
76.60444431 -64.27876097
76.60442201 -64.27878781
0.000160328
