9 2 3 2
26.84330901 80.76533170
9 1 2 1
72.56117865 44.62089817
2 4 5 2
-74.82708462 40.90547029
5 8 4 3
-53.47244995 66.51548488
6 1 9 4
72.81485320 -44.31234646
2 6 3 4
27.12105969 80.84953138
8 1 9 2
56.30181129 -63.89349149
9 3 4 3
-31.02698206 79.18785428
6 8 7 2
-31.37842049 -79.09246939
2 4 3 2
27.59625676 80.70506589
2 3 1 1
84.59381479 12.66462287
2 4 3 2
1.65932076 85.49447465
3 5 6 2
-83.50872188 -16.53946851
6 7 5 1
-83.43949833 17.14471577
9 4 1 4
84.05966601 -12.61948359
6 9 1 3
84.40265279 -12.81737335
6 1 2 4
72.82841069 44.40786752
5 7 4 2
-53.40250045 66.34813661
6 9 7 3
-53.47619758 -66.60452196
4 7 5 3
-74.92878771 41.23417166
5 7 8 2
1.74279580 -85.42215831
6 9 5 3
-83.79480117 16.69619746
2 6 3 4
26.96958826 80.63919731
4 8 9 4
56.35224289 -63.66527378
2 5 1 3
84.47038891 13.05655263
2 5 3 3
27.29635963 80.67600460
8 2 1 3
84.13364163 12.97693717
5 9 4 4
-53.41922018 66.56206850
7 2 3 4
27.56085258 80.90403745
6 8 7 2
-53.09106514 -66.61128865
2 5 6 3
-83.57731889 -16.94419937
4 6 7 2
-53.27675048 -66.34769617
8 9 7 1
-31.43678644 -79.32980976
4 6 3 2
1.85161916 85.31518246
1 2 9 1
72.70359568 -44.75027801
2 4 3 2
2.23009634 85.11098961
5 7 6 2
-74.84755573 -40.90788259
1 3 4 2
-30.64598723 79.45298091
3 4 2 1
56.60163926 64.37149424
5 7 6 2
-74.83067298 -41.18322025
2 5 6 3
-83.66936286 -16.62612911
8 1 9 2
56.57094368 -63.45622313
1 3 2 2
55.97506208 64.02498390
4 6 5 2
-74.63524096 40.71370606
2 4 3 2
1.87897952 85.26108936
5 9 8 4
27.59569303 -80.79317455
6 9 5 3
-83.71608162 16.70256821
7 2 3 4
27.19014983 80.67876840
7 9 8 2
27.09380915 -80.69020749
2 5 1 3
84.19222847 12.49370658
6 8 7 2
-30.70737643 -79.29741909
5 7 6 2
-74.62505879 -40.86254349
7 9 8 2
27.43174776 -80.78444589
3 5 2 2
56.14608525 64.30372307
4 7 6 3
-74.54132396 -41.18631557
3 7 8 4
2.28555788 -85.16388796
8 9 7 1
-31.11765707 -80.04215794
1 5 4 4
-53.34760915 66.58453801
3 7 4 4
-30.62454683 79.40527432
4 6 7 2
-53.18465333 -66.52767672
1 5 2 4
72.41082211 44.55615621
1 5 4 4
-52.91954315 66.54251575
2 5 4 3
-53.20249535 66.31020403
7 2 8 4
2.51777703 -84.97388220
1 2 9 1
73.47244805 -44.45788235
4 7 6 3
-74.90010543 -41.15910376
7 8 9 1
56.45776518 -64.69778619
7 8 9 1
56.43518221 -64.54966451
1 5 9 4
72.65608667 -44.32716552
1 3 4 2
-31.08152482 79.45645815
7 9 6 2
-74.82796762 -40.65376777
6 1 2 4
72.52809007 44.47823632
6 9 1 3
84.32674744 -12.64535713
8 1 9 2
72.84150526 -43.87967163
8 9 7 1
-31.33331195 -79.33421470
3 5 4 2
-52.72424713 66.70653459
5 8 6 3
-83.43496094 -16.38482480
9 3 1 3
84.00385453 -13.14771815
7 8 9 1
56.52541107 -64.40855702
2 5 6 3
-83.49089880 -16.84400124
1 5 2 4
72.63913982 44.34981995
9 4 1 4
84.17244413 -12.41832454
7 2 3 4
27.73294142 80.90818656
1 5 2 4
72.86643925 44.32587957
5 9 8 4
27.29330771 -80.74434521
7 8 6 1
-74.95137156 -40.40429899
4 5 6 1
-84.48307514 -16.54234816
3 7 6 4
-74.70385982 -40.96291247
2 5 1 3
84.37706724 12.96478878
2 6 5 4
-83.61401750 16.90420964
8 2 7 3
-30.82579539 -79.79638884
4 7 6 3
-74.87721668 -40.89986173
1 4 9 3
72.66054772 -44.56714434
1 3 4 2
-31.44193132 79.00442065
4 8 3 4
1.65867172 85.09212239
1 5 2 4
72.65238192 44.23766854
5 8 9 3
56.31568812 -63.99433647
7 9 6 2
-74.81607235 -40.49193104
4 6 5 2
-83.90296422 16.52518925
1 4 2 3
72.54779901 44.47141099
4 6 7 2
-53.71557001 -66.48622929
4 6 3 2
1.78708212 85.40630032
1 4 2 3
73.13670560 44.27717649
1 4 2 3
72.70924286 44.50315931
9 3 8 3
27.74216623 -80.91205906
4 6 5 2
-74.87268921 41.34330712
1 4 9 3
72.44499936 -44.65357796
9 4 8 4
27.61863217 -80.82942819
6 9 8 3
27.56184357 -80.49613536
3 5 2 2
55.97512285 64.18178802
3 6 4 3
-31.35537585 79.17693782
1 4 5 3
-74.87871886 41.08535872
9 4 1 4
84.23031055 -13.13417719
4 8 7 4
-31.14932103 -79.34692153
4 6 3 2
1.84741493 85.30419984
7 9 6 2
-74.75537969 -41.28453778
4 5 6 1
-83.85391559 -16.87653504
5 8 9 3
56.54360943 -63.67514910
8 1 9 2
72.64358105 -44.36163706
5 7 4 2
-53.50424104 66.65228014
8 9 1 1
84.22099196 -12.32344676
3 6 5 3
-83.59897859 16.42778911
7 1 8 3
1.58762999 -85.08833685
5 9 4 4
-53.19792106 66.56360451
6 9 8 3
27.30407604 -80.77340736
9 4 1 4
84.54621413 -13.15120929
6 9 1 3
84.22262103 -12.49848518
2 6 5 4
-83.50664995 16.66333100
1 4 2 3
73.00789231 44.28012886
1 3 2 2
56.16784210 63.95749651
6 1 7 4
-53.63565956 -66.46060403
4 7 8 3
2.00668906 -85.32808786
3 7 2 4
56.49992630 63.51489101
8 2 7 3
-31.27254870 -79.18957985
5 9 6 4
-83.38995369 -16.70526714
9 3 2 3
56.40375903 64.09772089
7 2 8 4
2.53928784 -84.97077325
8 9 7 1
-30.97438273 -80.03376077
9 4 1 4
84.47723274 -13.25464788
3 6 2 3
56.41319969 63.70693876
1 5 4 4
-53.40926656 66.19713324
7 8 9 1
56.76095305 -63.69097153
3 6 7 3
-53.28854523 -66.59817637
6 9 7 3
-53.28057294 -66.47581595
6 1 2 4
72.48291102 44.55903509
4 5 3 1
2.28365517 85.24580897
6 8 7 2
-53.17724058 -66.37780719
9 4 1 4
84.03332394 -13.11086850
7 1 9 3
73.16234176 -44.07653866
7 2 8 4
1.59485781 -85.29880900
8 2 1 3
84.34989665 12.65997568
3 6 5 3
-83.28163042 17.23605686
9 1 2 1
72.40559110 44.75632864
5 6 4 1
-53.02530559 66.75599489
9 4 8 4
27.71307586 -80.95948869
1 4 3 3
2.05021325 85.13707126
6 8 9 2
56.18903575 -64.29555436
1 4 2 3
72.46354713 44.60352007
7 2 8 4
1.83344799 -85.00379313
2 4 1 2
84.13073418 13.18399689
5 6 4 1
-52.59722801 66.83526997
3 5 2 2
56.18801996 64.11498349
1 4 5 3
-74.83817038 40.85046870
9 4 3 4
2.20360763 84.99459538
4 5 3 1
2.18610905 85.30215065
5 6 7 1
-53.83855076 -66.84001815
2 4 3 2
1.86312310 85.26463556
7 8 9 1
56.75593716 -63.59331524
2 4 3 2
1.81967767 85.24681354
6 1 5 4
-83.55908704 16.87970323
8 9 7 1
-31.21203496 -79.68520142
2 5 6 3
-83.65498634 -16.69139884
5 8 6 3
-83.50046040 -16.87690064
9 2 3 2
26.96087806 80.72655796
1 4 3 3
2.26965666 85.18918366
1 4 3 3
2.42247732 85.10523622
8 1 7 2
-30.88096966 -79.38302392
9 3 2 3
56.41730089 64.10161531
6 8 7 2
-53.68263386 -66.46278428
1 5 6 4
-83.41113250 -17.08572233
5 7 6 2
-74.85305070 -40.33730695
1 5 6 4
-83.90892751 -16.60133343
9 3 4 3
-30.71096255 79.66108399
6 9 1 3
84.51000992 -13.15626502
3 5 4 2
-30.80699063 79.62139912
5 9 4 4
-53.59110173 66.56424055
5 7 6 2
-83.55635210 -16.76494896
7 9 8 2
2.23193064 -85.14093317
4 6 3 2
2.00688738 85.01576129
7 1 8 3
2.10801384 -85.13787124
3 6 2 3
56.14505877 63.86846488
1 5 4 4
-52.71087298 66.73358128
1 4 3 3
1.97203575 85.27446509
7 9 8 2
26.73455975 -80.72865561
8 1 9 2
73.11262352 -44.29809186
3 7 6 4
-74.55332873 -40.88145640
7 1 2 3
73.02609155 44.20808901
2 4 3 2
2.32646719 85.14545025
3 5 4 2
-53.08567099 66.48214456
6 1 7 4
-53.48845540 -66.52166813
9 2 8 2
27.50461380 -80.93310145
8 2 3 3
27.31533359 80.49303138
8 3 2 4
56.18225772 63.91716136
3 6 2 3
56.18888240 64.14251831
3 6 7 3
-53.63094491 -66.49811820
7 2 1 4
84.23904263 12.94184779
6 9 7 3
-53.57309988 -66.31136585
1 4 9 3
73.01368159 -44.12453986
8 3 2 4
56.41523460 64.08300016
4 8 3 4
1.91790552 85.06586385
3 4 2 1
56.69277899 63.45172324
6 8 5 2
-83.63278433 16.42909323
8 2 9 3
56.08475570 -64.21475798
2 4 5 2
-74.63228558 41.04978467
2 6 3 4
27.36113598 80.65017452
2 5 3 3
27.12904503 80.80602917
1 3 4 2
-30.87084629 79.68996967
4 8 7 4
-31.14981483 -79.32942802
3 7 4 4
-31.07594484 79.23440153
8 3 2 4
56.17449318 63.88779677
5 7 4 2
-53.04138936 66.70799222
6 9 8 3
27.38604310 -80.88604851
1 3 9 2
72.70769184 -44.53102183
8 1 9 2
72.71623749 -44.28401837
7 1 2 3
72.74219125 44.15151038
4 7 8 3
2.26392294 -85.01869159
6 9 5 3
-83.59909348 16.71119672
4 7 3 3
1.66961935 85.29973907
4 7 3 3
1.92358414 85.39484351
3 5 4 2
-52.90930479 66.67137880
8 3 4 4
-30.80625733 79.49026683
2 3 4 1
-31.25791774 79.52280728
3 6 7 3
-53.65515402 -66.51947232
2 4 3 2
27.57246203 80.67955734
3 7 4 4
-31.04979125 79.46684111
9 2 8 2
27.48595520 -80.93672902
7 9 8 2
26.81598508 -80.71603288
4 7 8 3
1.61896196 -85.26323566
7 1 2 3
72.56631338 44.46219900
3 6 5 3
-83.46813413 16.33168353
5 6 4 1
-53.45822071 66.80472087
9 4 3 4
1.70102608 85.45669971
2 6 1 4
84.22878435 12.86664936
9 2 3 2
27.38659401 80.72929049
2 5 6 3
-83.50047673 -16.50917356
7 2 1 4
84.07137255 12.66499338
8 3 4 4
-31.01360550 79.23191711
2 4 3 2
27.48520192 80.46524652
4 8 7 4
-30.93152184 -79.45224078
8 1 2 2
72.92706086 44.23653416
6 9 8 3
27.10022986 -80.57231588
8 1 9 2
56.21065107 -64.26182902
3 7 4 4
-30.94941445 79.33557054
1 5 4 4
-53.30143863 66.47654410
5 8 4 3
-53.29410950 66.24144797
6 9 5 3
-83.73890925 16.38822516
5 9 1 4
84.15447209 -12.88559070
4 6 3 2
1.65300611 85.53624119
7 1 6 3
-74.68387620 -40.63916490
1 4 3 3
2.05643491 85.17832462
2 6 1 4
84.43755911 13.22892575
6 8 5 2
-83.46168251 16.73626442
8 1 2 2
72.86677489 43.96266525
2 5 4 3
-53.34718055 66.22633352
6 8 7 2
-53.10878175 -66.52401317
7 1 2 3
72.73097885 44.53222071
9 2 1 2
84.31799743 12.94781508
9 3 1 3
84.14574240 -13.02564264
3 5 6 2
-83.40834371 -16.62062042
9 4 8 4
26.95576472 -80.61495279
5 7 8 2
2.33446816 -84.98919036
6 8 5 2
-83.84970299 16.65063531
3 6 7 3
-53.71099651 -66.58247398
6 7 8 1
2.38531916 -85.24612826
1 5 6 4
-83.37997709 -16.75534783
3 5 4 2
-31.33953806 79.03076727
1 3 2 2
56.34953542 64.32751418
2 6 3 4
27.62544549 80.82636673
5 8 9 3
56.29257794 -64.39715473
5 7 8 2
2.14969130 -85.24089519
8 1 7 2
-31.33471817 -79.17118041
5 9 8 4
27.54588223 -80.64382514
1 3 2 2
56.14169068 63.84741070
1 4 5 3
-74.91961720 41.08828955
3 6 7 3
-53.59633728 -66.42434343
7 9 8 2
1.59792131 -85.48927981
4 5 6 1
-83.96144182 -16.82797738
5 8 9 3
56.33144029 -64.14455717
1 3 9 2
72.90426698 -44.05865908
6 9 8 3
27.31372077 -80.90989441
1 4 2 3
72.66092913 44.20353295
4 6 7 2
-53.39035630 -66.16722441
2 5 1 3
84.16923192 12.79036672
4 8 7 4
-30.84148592 -79.30378737
6 1 9 4
72.56215052 -44.38536511
5 7 8 2
2.04151932 -85.12239812
2 6 7 4
-53.57617038 -66.64218866
2 5 3 3
27.10334531 80.75991932
3 7 8 4
1.64640099 -85.09016671
8 3 2 4
56.27474807 63.73149062
1 3 4 2
-30.82478923 79.36630285
9 4 5 4
-74.77069481 40.56692138
3 5 4 2
-30.93926590 79.58909660
4 8 3 4
1.59803472 85.43073709
7 9 1 2
84.09064341 -13.10352578
2 5 1 3
84.48297761 13.25123559
4 7 3 3
2.39153879 85.01383625
9 3 1 3
84.14577556 -12.92665041
4 7 5 3
-74.67029435 41.26685176
2 5 4 3
-53.10627253 66.44065433
3 7 6 4
-74.76422468 -40.62292794
9 3 2 3
56.22931219 63.98190098
1 3 2 2
56.37012072 64.22060797
4 7 8 3
1.69030813 -85.55254446
5 8 4 3
-53.25013584 66.42502898
7 2 1 4
84.40205894 13.05011372
8 2 9 3
56.45094308 -63.85482253
9 3 2 3
56.25453752 63.91482528
4 8 9 4
56.04146490 -63.91210370
5 6 7 1
-53.04313324 -66.85579950
9 1 2 1
73.13616027 44.46149986
9 2 8 2
27.37907279 -80.83421203
1 3 4 2
-31.17317819 79.38932283
3 5 6 2
-83.43882396 -17.07286206
2 6 5 4
-83.36344743 16.82294286
8 3 2 4
56.39737367 63.63526938
3 5 6 2
-83.84505411 -16.44142505
9 3 4 3
-30.73076136 79.37838438
8 3 4 4
-30.95418054 79.47874284
6 9 8 3
27.39095574 -80.60360916
7 2 6 4
-74.66399333 -41.17190460
9 2 1 2
84.28474865 -13.17300926
8 9 1 1
84.39168530 -12.46710887
7 9 8 2
27.02877367 -80.70486733
1 4 2 3
72.75649202 44.33354371
7 1 6 3
-74.54958830 -41.05190995
1 3 4 2
-30.73497229 79.57501961
9 4 5 4
-74.59183251 40.96138551
7 8 9 1
56.45903993 -64.08685592
5 8 6 3
-83.27212089 -17.28401739
3 5 2 2
56.40185518 63.80854068
2 5 3 3
27.25023674 80.60425175
3 5 4 2
-53.36010975 66.18045525
2 3 1 1
84.62859211 12.75466446
5 8 4 3
-53.67137855 66.59320919
4 5 6 1
-83.79535272 -17.09243314
5 7 8 2
1.63495858 -85.41121423
7 1 2 3
73.13314834 44.30258891
2 6 7 4
-53.01580346 -66.56896127
2 5 3 3
26.86841738 80.73261468
2 6 5 4
-83.69756073 16.71685612
3 6 2 3
56.30957858 63.86672640
1 3 2 2
72.57990927 44.48636497
3 4 5 1
-75.01187507 40.86097597
8 1 9 2
72.90313710 -44.12040453
4 6 7 2
-53.07910092 -66.64003684
1 3 4 2
-31.08787149 79.30395882
3 6 7 3
-52.60815374 -66.76814305
2 4 5 2
-74.53477366 40.88856317
4 8 7 4
-31.19517650 -79.13328498
2 5 1 3
84.25238535 12.66712275
7 9 1 2
84.12896051 -13.00507813
1 3 2 2
72.79100528 44.37249883
9 4 1 4
84.16532731 -12.25130802
3 5 4 2
-53.27895051 66.56532667
6 8 7 2
-53.44294789 -66.67282222
7 2 6 4
-74.42088457 -41.10097965
5 7 6 2
-74.67796856 -40.76294723
9 4 1 4
84.33464306 -12.64415263
9 3 4 3
-30.77723214 79.68878964
5 8 4 3
-52.72968441 66.71056170
6 1 2 4
72.86296722 44.38803503
9 3 8 3
26.89857837 -80.75103852
6 1 5 4
-83.63170643 16.66060386
3 4 2 1
56.69903236 64.22510087
2 4 1 2
84.22458236 13.01295213
3 6 4 3
-31.38294568 79.10240427
2 5 3 3
27.24977637 80.70991161
8 2 9 3
56.44534310 -63.95039920
5 9 1 4
84.49845423 -13.05155913
7 9 1 2
84.13802539 -12.32607368
6 8 9 2
55.93990934 -64.19810600
5 7 6 2
-74.72855660 -41.05013923
4 8 3 4
1.70674027 85.40623591
2 5 3 3
27.26830256 80.77250554
8 1 2 2
72.55105477 44.47186304
5 7 4 2
-53.55628134 66.34433887
3 7 2 4
56.58892988 63.51157207
7 2 3 4
27.29152511 80.51196173
3 5 6 2
-83.96865169 -16.42061983
4 7 8 3
2.10374434 -85.26700716
7 8 9 1
56.65158208 -63.85484582
5 6 7 1
-53.49441243 -66.84741572
7 9 8 2
27.32706095 -80.49955677
2 5 6 3
-83.56268875 -16.45870903
8 1 7 2
-31.04344450 -79.46390959
8 1 2 2
72.88398664 44.37765374
1 2 3 1
26.58023698 80.79075140
8 2 3 3
26.77199341 80.74391699
9 4 3 4
1.61325062 85.14398350
8 9 1 1
84.30712927 -12.14709285
3 5 6 2
-83.79928331 -16.47067942
9 1 2 1
73.37599654 44.33647981
3 7 6 4
-74.68922235 -40.95156196
3 4 2 1
56.54010904 64.05401515
5 6 7 1
-53.38722569 -66.78664662
4 8 3 4
2.58542279 84.97074364
9 3 1 3
84.11616752 -12.48792485
4 6 7 2
-53.53067802 -66.39772288
8 1 2 2
73.08489963 44.11845252
4 6 5 2
-83.53399278 16.79941746
6 8 7 2
-30.81789974 -79.25510045
6 1 7 4
-53.23012335 -66.31347341
8 2 7 3
-31.17639480 -79.42611198
9 2 8 2
27.44009165 -80.84052042
3 4 2 1
56.55001962 64.28630859
9 4 1 4
84.50381505 -13.27180176
5 7 8 2
2.53758024 -84.99888245
7 1 6 3
-74.86645357 -40.75050615
9 4 3 4
1.88610908 85.14067083
5 6 7 1
-53.09174689 -66.80277547
1 3 2 2
72.75128432 43.99080729
1 2 9 1
73.25192021 -44.61726869
5 7 8 2
2.00527083 -85.31041146
2 5 3 3
27.28251250 80.60762868
4 5 6 1
-84.17703097 -16.60591503
2 4 3 2
27.38541991 80.81648316
8 2 9 3
56.31819361 -64.21554936
6 9 5 3
-83.51264850 16.85306944
2 4 3 2
27.38136206 80.65821060
2 5 1 3
84.42843060 12.96327813
8 3 4 4
-30.63125773 79.34437115
9 3 8 3
27.58130857 -80.66169731
4 8 3 4
1.66718402 85.01895420
9 3 1 3
84.14441429 -12.94660255
5 9 1 4
84.16941857 -12.78610886
5 9 4 4
-53.40227886 66.49124318
8 1 7 2
-30.91839139 -79.63513512
7 2 1 4
84.15967447 12.87996152
2 5 3 3
27.56645188 80.48780322
9 2 3 2
26.91517821 80.71260606
5 7 6 2
-83.34220563 -17.16974652
6 9 5 3
-83.62719381 16.71351222
4 7 6 3
-74.43535494 -41.11041872
4 6 3 2
1.66424026 85.19346889
7 8 6 1
-75.01545223 -41.32541771
9 4 8 4
27.28329249 -80.62703493
7 2 1 4
84.21759801 12.60993268
4 7 5 3
-74.65081826 40.75348624
6 8 7 2
-53.16160445 -66.40098571
1 2 9 1
73.70949862 -44.43847377
1 3 4 2
-30.90950835 79.35379444
6 9 8 3
27.55548123 -80.71037970
2 5 6 3
-83.48089415 -17.06450534
4 7 6 3
-74.49742029 -41.08668209
2 4 3 2
1.77934280 85.50889501
5 6 7 1
-53.71070146 -66.87023956
3 5 4 2
-53.05580613 66.69646290
2 4 3 2
1.74587414 85.22766203
8 1 9 2
56.31853746 -63.69343281
5 7 6 2
-74.82681121 -40.57497359
8 1 9 2
73.01585406 -44.20296871
8 9 7 1
-31.48644819 -79.27884695
6 1 5 4
-83.73532413 16.52908388
7 8 6 1
-74.98409689 -40.88518132
1 4 5 3
-74.67681377 41.08683187
9 2 1 2
84.24229844 13.05272052
3 4 2 1
56.43584067 64.16096350
7 9 8 2
1.81595846 -85.07885171
8 1 2 2
72.47762798 44.48246649
1 4 9 3
72.66221852 -44.23135302
7 1 6 3
-74.85820610 -40.33169076
5 9 8 4
27.63867554 -80.88390559
7 1 9 3
72.51997009 -44.42793705
9 1 8 1
27.09451247 -81.02854363
5 7 4 2
-52.95770483 66.58563181
4 5 3 1
1.60339039 86.07363510
2 4 5 2
-74.53538844 40.88482437
7 9 1 2
84.32152180 -12.76973668
2 5 6 3
-83.53246163 -16.57484433
5 6 7 1
-53.51264288 -66.70833794
7 2 1 4
84.34169817 13.19495074
1 3 2 2
56.28122703 64.02160547
7 9 1 2
84.19815705 -12.91090077
9 2 1 2
84.27564620 12.65946196
2 4 1 2
84.33374900 13.10658794
8 2 1 3
84.33016468 13.10251258
9 4 1 4
84.14705627 -12.33298247
6 8 9 2
56.06402307 -64.11083606
2 5 3 3
27.65090549 80.69674547
7 8 9 1
56.49199813 -64.21372620
1 4 9 3
73.08197422 -44.20247320
4 6 3 2
1.62716095 85.17870521
4 7 5 3
-74.91833108 40.58743896
2 5 1 3
84.27881696 12.70317746
4 7 3 3
1.62462493 85.57132470
4 6 7 2
-53.05100629 -66.43112332
8 2 7 3
-30.71449626 -79.41063891
1 5 9 4
72.35817181 -44.70732187
5 9 8 4
27.56806177 -80.46829478
7 9 1 2
84.35147113 -13.06004955
2 5 4 3
-52.67577708 66.72802589
6 9 5 3
-83.49295853 16.91324364
2 4 3 2
27.03755813 80.73934007
2 6 1 4
84.25883767 12.78998460
8 3 7 4
-30.83773447 -79.40775729
9 2 1 2
84.21049799 12.73045232
6 9 8 3
27.04253919 -80.64237241
5 6 7 1
-53.22039924 -66.88496199
6 7 5 1
-83.91037533 16.73346443
4 6 3 2
1.97955558 85.26597661
5 7 6 2
-74.68875807 -41.12064924
8 1 2 2
72.63497696 44.51137429
3 5 2 2
56.45993914 63.60425795
2 6 1 4
84.04126175 13.11179371
1 3 9 2
72.80353857 -44.25889081
4 5 3 1
2.17429028 85.43056567
8 1 2 2
72.35842043 44.68994154
6 1 5 4
-83.41745503 16.50461616
2 6 1 4
84.10830512 12.48259583
7 9 8 2
2.01570954 -85.33319670
7 9 8 2
27.45540310 -80.67346658
8 1 9 2
72.97769177 -44.20592826
3 7 8 4
1.59296396 -85.59930689
6 1 9 4
73.10973402 -44.06113379
9 2 8 2
27.50229148 -80.45253287
8 9 7 1
-30.99506662 -80.04182103
5 6 7 1
-53.62130137 -66.91230015
6 1 9 4
72.56227297 -44.52709193
1 3 4 2
-31.21205275 79.25964211
4 7 5 3
-74.76203714 40.91732472
9 1 8 1
27.09596786 -80.98120454
1 2 3 1
27.72486309 81.37808163
3 7 8 4
1.94464081 -85.01940648
4 5 3 1
2.43683179 85.27239273
1 5 2 4
72.52333279 44.56663629
1 2 9 1
73.47796121 -44.27049373
9 3 4 3
-31.02141708 79.59846341
2 5 4 3
-52.82501334 66.71538784
3 6 7 3
-53.02189190 -66.51704552
9 3 8 3
27.43686121 -80.84875804
7 2 8 4
1.99688537 -85.27985348
7 2 1 4
84.36632296 13.08298652
5 9 1 4
84.44594708 -12.98379745
3 5 6 2
-83.27859805 -17.23396161
6 7 8 1
2.44665412 -85.32701310
8 3 7 4
-30.92109220 -79.38888125
9 2 1 2
84.51567100 -13.05954864
6 7 5 1
-83.97565498 16.64079762
4 7 6 3
-74.85928879 -40.64343611
3 4 2 1
56.61461819 64.48927453
4 7 5 3
-74.54739138 41.06018105
7 1 2 3
72.65268005 44.57229429
3 6 4 3
-30.70128809 79.66709878
5 8 4 3
-53.41739365 66.54563029
7 1 8 3
2.32769883 -85.14494863
6 9 7 3
-53.61084261 -66.35885729
8 2 9 3
56.47296627 -63.77009348
2 6 5 4
-83.60808789 16.47287747
8 1 9 2
56.22016038 -64.29146109
9 1 8 1
27.45438381 -81.01770175
6 9 7 3
-52.89953913 -66.70984858
2 3 1 1
84.64431486 12.90475805
8 2 7 3
-30.68901787 -79.32506319
7 1 9 3
73.24741991 -44.14457237
3 7 4 4
-30.86067856 79.65517718
3 6 4 3
-30.92692659 79.68186882
6 1 9 4
72.73911136 -44.29919126
8 1 9 2
73.21046941 -44.26998931
6 7 8 1
2.19589332 -85.34370350
6 9 5 3
-83.43199859 16.47306465
9 4 5 4
-74.75821613 41.30826631
7 9 8 2
26.85564122 -80.73511436
1 2 9 1
73.29851404 -44.56552172
1 4 5 3
-74.82431206 40.57023920
9 3 4 3
-30.75181917 79.51727051
8 2 7 3
-30.61251670 -79.35625662
7 9 8 2
27.67184984 -80.89992271
2 4 5 2
-74.77858163 41.28964116
2 5 4 3
-53.08949196 66.50947204
6 9 5 3
-83.65477181 16.88052762
2 6 3 4
27.29245727 80.56033462
6 8 5 2
-83.48623278 16.73903887
1 2 9 1
73.22751773 -44.29970352
9 3 2 3
56.23256418 63.85159436
9 2 1 2
84.19688092 13.06983023
4 6 5 2
-83.39392511 16.50107494
2 6 5 4
-83.52689218 16.75427922
1 3 9 2
72.96315048 -44.38365957
6 1 7 4
-52.99010375 -66.62527395
2 5 1 3
84.05509788 12.85025692
5 7 6 2
-83.77713105 -16.61240569
9 3 8 3
27.64614697 -80.73981489
9 2 3 2
27.50651959 80.85564253
9 2 3 2
27.52162410 80.59060273
8 3 4 4
-30.84875507 79.38450400
6 9 8 3
27.70366477 -80.80508007
1 4 5 3
-74.78722970 40.53827746
9 4 1 4
84.17865744 -12.89044725
7 2 3 4
27.22259264 80.52488757
9 3 8 3
27.48053663 -80.72066420
2 3 4 1
-31.40227849 79.50678563
3 7 4 4
-30.92705226 79.34352976
4 8 5 4
-74.63920151 40.99980788
6 9 8 3
26.72005307 -80.73218409
5 9 1 4
84.06695559 -12.59192584
3 4 2 1
56.52321057 63.99145845
5 9 1 4
84.13902420 -12.82451117
6 7 8 1
2.36607792 -85.32591074
5 7 8 2
1.76487072 -85.01194021
6 8 7 2
-53.33724759 -66.43433539
1 5 2 4
72.69694922 44.25117216
3 6 4 3
-30.61506096 79.39268445
4 7 8 3
2.04968937 -85.21778313
1 5 6 4
-83.71224413 -16.80955713
2 6 5 4
-83.51011022 16.69039355
7 9 1 2
84.40237348 -12.82813855
3 7 6 4
-74.68401697 -41.20665178
7 9 1 2
84.20388131 -13.05268364
1 4 5 3
-74.85135299 41.24931091
4 8 7 4
-31.28775248 -79.14663685
9 2 1 2
84.06505067 -12.57897593
3 6 4 3
-30.91674279 79.48399860
2 4 5 2
-74.93355581 40.78430742
7 2 1 4
84.13330237 12.30320348
8 3 4 4
-30.89324018 79.31100547
3 7 6 4
-74.93675159 -41.03790081
5 9 4 4
-52.79195034 66.71045952
6 7 8 1
1.79403994 -85.58675154
2 3 4 1
-31.39024235 79.43581595
3 7 2 4
56.28736327 63.75942194
6 1 7 4
-53.07772758 -66.49868917
4 6 5 2
-83.76002641 16.59430421
7 9 8 2
27.39044025 -80.59421914
8 9 7 1
-31.31512831 -79.52753100
4 5 3 1
1.80532925 85.86749294
3 6 5 3
-83.66452608 16.40283566
6 8 9 2
56.15745242 -63.85892308
8 9 1 1
84.72575116 -12.88152004
6 1 7 4
-53.34424892 -66.66892229
1 4 3 3
2.15329633 85.14605981
5 9 6 4
-83.72732763 -16.78229693
1 3 4 2
-30.88795563 79.20734708
2 3 1 1
84.75650209 12.88734307
4 7 5 3
-74.83346889 40.88143134
7 1 8 3
1.88931437 -85.11623009
5 7 6 2
-83.64035081 -16.84771609
1 4 9 3
72.74758164 -44.22519063
6 9 8 3
27.27379425 -80.67029080
8 3 2 4
56.48745588 63.66122436
4 7 5 3
-74.58202563 40.79057567
2 4 1 2
84.55891554 13.29104193
9 2 3 2
27.27993132 80.60222417
8 3 9 4
56.25022304 -63.89029482
4 6 5 2
-74.55644767 41.19979300
2 5 6 3
-83.50335552 -16.98182228
7 9 8 2
27.32395612 -80.54324593
2 6 1 4
84.38405907 13.18642612
5 7 8 2
1.87971181 -85.45402003
6 1 7 4
-53.20712624 -66.31398263
8 2 9 3
56.35123926 -64.02168237
6 7 8 1
1.86544272 -85.58857208
3 6 5 3
-83.32031617 16.92672084
9 2 1 2
84.39933666 12.89639996
1 3 2 2
72.35473720 44.70337330
6 9 5 3
-83.70997760 16.78824305
9 3 8 3
27.62701960 -80.85369216
9 3 2 3
56.46074211 63.79073641
2 4 1 2
84.39812824 12.92639053
5 7 8 2
2.28328356 -85.05352420
8 3 4 4
-30.96041798 79.23837488
6 8 7 2
-31.09436059 -79.27655852
5 6 4 1
-52.69682254 66.79177697
8 3 2 4
56.02650170 64.24147348
2 4 3 2
1.96622500 85.14150245
7 9 1 2
84.19007145 -12.85854299
1 5 2 4
73.04384357 44.35168933
2 3 4 1
-31.35991693 79.59050854
1 4 2 3
73.07577405 44.18884115
8 2 7 3
-30.79315039 -79.68396739
4 6 5 2
-83.73469901 16.41523835
4 7 6 3
-74.49414575 -41.02389733
4 7 6 3
-74.56324801 -40.89321308
5 9 4 4
-53.43617905 66.29504469
1 4 5 3
-74.91124238 40.66819356
6 9 5 3
-83.42233446 17.04532817
3 6 2 3
56.29480592 64.38045075
6 9 1 3
84.21135074 -12.63083211
6 9 1 3
84.05007944 -12.86526346
2 3 1 1
84.77421565 13.18554699
7 9 6 2
-74.75514092 -40.91164239
4 8 5 4
-74.62963798 40.93074577
2 5 3 3
27.71179284 80.76933922
3 5 4 2
-31.04711141 79.40900187
4 8 5 4
-74.89186784 41.27899234
6 1 2 4
72.80206691 44.41753109
3 5 6 2
-83.57956306 -16.88023797
4 7 6 3
-74.72903551 -40.90802505
7 9 6 2
-74.84088524 -41.15354750
3 6 5 3
-83.61112558 16.89211981
6 1 9 4
72.47783696 -44.44210650
1 4 3 3
2.48888438 85.05599391
3 5 2 2
56.35266747 64.30553175
5 7 8 2
2.07692883 -85.19182505
5 8 9 3
56.49296195 -63.71396961
9 4 1 4
84.13587880 -12.37962834
9 4 3 4
2.24421711 85.21067414
4 8 9 4
56.32044675 -64.39439434
8 3 9 4
56.24376745 -64.38317808
8 2 9 3
56.29964950 -64.31350639
8 9 7 1
-31.04196154 -79.84178682
1 4 5 3
-74.82167810 41.36174605
7 9 8 2
2.02105983 -85.13239835
1 4 9 3
73.22400151 -44.27264369
3 7 4 4
-31.02734547 79.58073575
2 6 1 4
84.03281726 12.88961486
3 7 8 4
2.24812097 -85.06108859
7 2 8 4
2.10296764 -85.28053267
2 6 5 4
-83.45095352 16.57392307
6 1 9 4
72.96962517 -44.26833317
7 9 8 2
1.92188619 -85.28558341
5 7 8 2
2.28687462 -85.09024402
7 2 3 4
26.97124086 80.63391562
3 5 2 2
56.29181419 63.76944866
2 4 5 2
-74.77496529 40.80310545
1 5 2 4
72.71046721 44.22139894
4 6 5 2
-74.58095608 40.97565934
9 2 1 2
84.34439781 13.08863688
4 8 9 4
55.87078652 -64.12119544
7 1 9 3
72.93402492 -44.06726101
9 2 3 2
27.04325604 80.61331770
4 6 7 2
-53.31556086 -66.60623909
4 7 5 3
-74.83956995 40.32702967
7 9 8 2
27.17637328 -80.62502962
5 7 4 2
-53.26292958 66.70448239
7 2 1 4
84.35568875 13.09058682
4 7 3 3
2.04354965 85.29427272
4 7 8 3
2.33167358 -85.05698645
8 3 7 4
-30.99279691 -79.56461451
4 8 7 4
-31.04362479 -79.32122280
5 7 6 2
-74.70110429 -40.73526120
3 5 4 2
-52.70219164 66.76699946
9 3 8 3
27.47987193 -80.92749585
8 9 7 1
-30.94781863 -79.73730877
8 3 2 4
56.28508776 64.16295349
7 9 6 2
-74.88459184 -40.98987743
7 2 6 4
-74.77952146 -41.18094919
6 8 7 2
-30.63921371 -79.31884378
6 8 9 2
55.93663551 -64.14410403
1 5 4 4
-53.10593755 66.41728341
1 5 4 4
-53.24062597 66.67831348
7 1 9 3
72.97853440 -44.39799994
8 2 3 3
27.38613400 80.73834376
9 4 3 4
2.00545415 85.25747414
1 5 9 4
72.98037391 -43.96415135
6 8 7 2
-31.41701544 -79.09712568
4 5 3 1
2.25493868 85.51335604
4 6 5 2
-83.34304308 17.13007232
3 7 6 4
-74.67441301 -40.90941763
7 8 6 1
-75.01454243 -40.08539350
1 5 9 4
73.12794065 -44.26477295
8 1 9 2
73.23825992 -44.24073742
7 1 2 3
72.89141624 43.92152691
3 4 5 1
-75.23227394 40.96325108
5 9 4 4
-53.37967699 66.66327579
6 1 5 4
-83.64121781 16.54674847
4 5 3 1
2.72097316 85.05588048
6 1 5 4
-83.46197269 16.43835674
8 3 9 4
55.95526055 -64.12786404
8 3 7 4
-31.31786747 -79.07488977
6 8 7 2
-52.94579857 -66.71286486
5 9 6 4
-83.72085627 -16.52754320
8 9 1 1
84.63994647 -12.94985413
7 2 6 4
-74.80121321 -40.58551981
7 2 1 4
84.09455993 13.13637548
7 9 8 2
2.31078665 -85.14958917
7 1 9 3
72.49984090 -44.54448525
9 3 4 3
-31.02170367 79.30965835
9 4 8 4
27.22921790 -80.81696449
2 3 4 1
-31.10769351 79.94905035
6 9 1 3
84.38512588 -12.99982452
4 8 5 4
-74.94566271 41.41152385
1 4 2 3
72.88511204 44.06079137
6 8 5 2
-83.93962967 16.50658218
3 5 2 2
56.16080862 64.29293274
6 9 5 3
-83.38993306 17.12269421
8 9 7 1
-30.94478159 -80.28039558
7 2 1 4
84.20562097 13.11245387
6 8 7 2
-30.87967916 -79.49468388
4 8 7 4
-30.59070134 -79.37573112
3 7 2 4
56.04453083 64.24559869
3 7 4 4
-30.81556522 79.71102165
5 9 8 4
27.69288773 -80.89822740
2 6 3 4
27.61342914 80.63507275
7 1 6 3
-74.68279288 -40.81795020
9 1 8 1
27.49867878 -80.99390366
4 7 5 3
-74.71682267 40.84675542
2 5 1 3
84.26419648 12.94075004
5 8 9 3
56.29432774 -64.27256926
3 6 5 3
-83.77427995 16.63148807
1 5 2 4
72.75655308 44.35154693
4 6 5 2
-74.91568866 40.79837040
8 3 7 4
-30.81688796 -79.85295719
2 5 3 3
27.26975913 80.88306253
1 4 5 3
-74.83093817 40.77042592
6 8 5 2
-83.41700194 16.37220838
4 8 5 4
-74.71656372 40.81659687
9 3 2 3
56.17581466 63.93443529
9 3 1 3
84.40250437 -13.13494929
4 5 6 1
-83.63864894 -17.23386117
3 7 2 4
56.16872841 64.36722073
6 1 9 4
72.82218165 -44.13070351
7 2 1 4
84.44968474 13.04790631
9 2 1 2
84.23337593 13.00609805
8 1 9 2
56.33174435 -63.97956819
6 1 2 4
72.73899796 44.25850057
9 3 2 3
56.24316344 64.15866337
6 8 9 2
56.47130575 -63.66331313
5 8 9 3
56.35257365 -64.17288747
3 4 2 1
56.61925209 63.60483008
4 6 3 2
2.38090608 85.11661874
2 4 5 2
-74.79603146 41.16455321
3 6 4 3
-30.69162521 79.50429795
4 7 8 3
1.83981134 -85.01325155
1 5 9 4
72.73679240 -44.47489029
4 8 5 4
-74.81830282 40.94538209
6 1 5 4
-83.49515575 16.95073450
3 4 5 1
-75.00054320 40.98931817
4 5 3 1
1.90596527 85.79961423
9 3 1 3
84.38944142 -12.87811895
1 4 3 3
2.29550013 85.01213024
4 7 6 3
-74.89616288 -40.89208402
1 3 4 2
-30.61184483 79.36875111
9 4 8 4
27.30425666 -80.65670337
8 2 7 3
-31.01005611 -79.28141898
8 9 7 1
-30.90439824 -79.87396893
9 4 1 4
84.38175595 -13.22262940
4 6 5 2
-74.80935357 40.82911869
4 7 5 3
-74.81239095 40.79380708
1 5 4 4
-53.20062182 66.54033257
3 4 5 1
-75.07835604 41.24787025
1 3 4 2
-31.07030117 79.17845172
7 1 6 3
-74.50365775 -41.17643543
9 2 3 2
27.61437470 80.97184348
5 8 6 3
-83.38506728 -16.49524056
4 7 8 3
1.76138883 -85.52142950
6 9 8 3
27.58267568 -80.74630495
4 6 7 2
-53.08149473 -66.60616119
3 6 5 3
-83.67431111 16.43531524
3 6 7 3
-53.73093060 -66.53272766
8 1 9 2
56.23822250 -63.91829460
6 9 5 3
-83.94276303 16.52550207
1 4 2 3
73.07743417 44.04439182
1 2 9 1
73.36470152 -44.38447005
4 6 7 2
-53.48306314 -66.36501015
3 7 2 4
56.04133305 64.11779641
9 4 3 4
1.72295801 85.11927358
5 7 8 2
2.46414556 -85.07392366
1 5 6 4
-83.40472228 -17.07745724
4 7 8 3
1.75547864 -85.52529132
5 7 8 2
2.11256021 -85.07554201
3 5 2 2
56.25706076 64.31412672
7 1 9 3
73.03040804 -44.03079942
3 7 4 4
-31.14999232 79.12760312
7 1 8 3
2.22317337 -85.14602531
1 2 9 1
72.44735592 -44.78572637
3 6 4 3
-31.31382054 79.15036601
5 8 7 3
-31.01596408 -79.29793300
2 6 1 4
84.22574827 13.21228496
7 1 9 3
72.54196429 -44.37143971
9 1 2 1
73.11681739 44.44409432
6 9 5 3
-84.00700022 16.45468783
2 3 1 1
84.52639761 12.60023786
6 8 7 2
-53.29358546 -66.68936374
2 4 1 2
84.33743403 13.14213176
8 3 4 4
-30.67403850 79.28217034
8 3 9 4
56.20737673 -63.94952175
8 2 1 3
84.48211180 13.21039861
7 2 1 4
84.26214819 12.96984627
8 2 7 3
-31.13052586 -79.13677175
8 1 9 2
73.12974827 -44.11071292
1 2 9 1
73.71080928 -44.48261667
8 9 1 1
84.38587378 -12.61860413
2 3 1 1
84.55700057 12.52339409
2 5 3 3
27.00692756 80.83598345
1 3 2 2
56.35262274 63.93771638
1 5 2 4
72.83637535 44.12365228
8 1 9 2
72.56137721 -44.33861568
2 6 7 4
-52.84006057 -66.59187968
4 7 8 3
2.05708007 -85.26302990
9 1 2 1
73.32458527 44.28748860
9 2 3 2
26.87373785 80.80211499
3 7 6 4
-74.94185337 -41.24779868
6 1 9 4
72.47527124 -44.57741648
9 3 4 3
-30.79320630 79.68929878
1 5 9 4
72.48725926 -44.52066408
8 2 7 3
-31.16378228 -79.09800583
1 3 2 2
56.36259900 63.82997246
4 7 5 3
-74.91788737 40.59369635
5 7 8 2
1.74322995 -85.18295335
6 1 5 4
-83.51012709 16.40061983
8 2 1 3
84.42000962 12.93502722
1 2 3 1
27.17685822 80.88729876
5 9 1 4
84.38387457 -13.18416231
6 7 5 1
-84.35599977 16.63327187
2 5 3 3
27.34754886 80.82816898
1 4 5 3
-74.46722871 41.04683613
3 7 2 4
56.42543999 63.60361241
6 9 7 3
-53.26174011 -66.34489640
1 4 3 3
1.91895460 85.34244815
1 4 5 3
-74.86784170 40.89359096
8 1 7 2
-30.96014537 -79.68619458
4 6 5 2
-74.88695483 41.25714554
1 2 3 1
27.36035248 81.11256630
5 9 1 4
84.28788111 -12.59775890
5 7 6 2
-83.33026044 -17.10146430
6 9 8 3
26.94731222 -80.77562099
6 9 5 3
-83.44555860 16.58922083
9 2 8 2
27.46688877 -80.91161805
8 1 2 2
72.56033572 44.52918387
6 1 9 4
72.63341867 -44.37508044
6 1 7 4
-53.47128006 -66.47309604
8 3 4 4
-31.16323391 79.25081556
3 5 4 2
-53.26477171 66.40108530
8 3 9 4
56.07568323 -64.19683621
2 6 3 4
27.25721806 80.82335894
2 4 3 2
27.44150477 80.84434107
7 1 6 3
-74.92324328 -40.75469381
5 8 6 3
-83.33095927 -17.10740247
3 7 4 4
-30.70681456 79.36971699
1 5 9 4
72.95333574 -44.39268104
1 4 2 3
73.11445866 44.13634833
9 2 1 2
84.10135253 12.51697824
9 4 8 4
27.18182613 -80.66751089
4 7 5 3
-74.93153185 40.79309928
3 7 6 4
-74.92066490 -41.17843255
1 5 4 4
-53.42249130 66.54775321
8 2 9 3
56.19878919 -64.33596506
3 6 5 3
-83.41136927 16.67253798
5 9 1 4
84.26684050 -12.65726851
1 3 4 2
-30.91125405 79.46349718
7 2 8 4
1.77233002 -85.49189670
9 2 1 2
84.22885310 12.64998861
7 1 6 3
-74.80365366 -40.48413043
6 8 5 2
-83.55345809 16.74388987
6 8 5 2
-83.46778273 16.36239556
9 3 2 3
56.32291115 64.19072906
2 5 6 3
-83.48842275 -17.02071113
2 5 1 3
84.21379314 12.70609175
3 6 4 3
-30.75273656 79.45791952
5 9 4 4
-53.24030662 66.58362459
3 7 6 4
-74.50199867 -41.06921504
3 5 4 2
-30.80063457 79.22825311
8 9 1 1
84.56489679 -12.53714053
5 9 6 4
-83.57752115 -16.94987535
8 3 9 4
56.26834944 -63.85892820
7 9 8 2
1.70510346 -85.20747822
7 2 3 4
27.57270810 80.58594896
9 4 8 4
27.29086234 -80.53460082
5 8 7 3
-31.42980592 -79.04849764
7 9 8 2
2.19633182 -85.04985285
1 2 3 1
27.77039315 81.27488208
9 3 4 3
-30.75157519 79.56645641
6 8 9 2
56.26867450 -64.05620222
3 6 7 3
-53.29863798 -66.34469100
3 5 4 2
-30.73288273 79.66429370
3 7 2 4
56.23521775 64.38763347
7 8 9 1
56.42756291 -64.41834000
1 5 9 4
72.71170416 -44.46789354
1 5 6 4
-83.62952257 -16.53128443
1 2 3 1
27.80161992 81.08035224
1 3 2 2
72.55239920 44.53314567
3 6 4 3
-30.83847604 79.55047913
4 7 8 3
1.87796542 -85.33313505
3 7 8 4
1.67537566 -85.47296517
2 4 5 2
-74.77608463 40.57855903
5 6 7 1
-53.88344620 -66.79770690
9 4 1 4
84.11255076 -13.04764524
9 2 1 2
84.17559066 -12.92423299
2 4 3 2
27.41223080 80.62993712
3 5 6 2
-83.33938778 -17.11838667
1 5 4 4
-53.65822012 66.61007658
4 8 9 4
56.01952978 -64.06762355
2 5 1 3
84.16002578 12.69998916
5 6 7 1
-53.33404271 -66.92248258
4 6 7 2
-53.33711181 -66.29429100
5 7 6 2
-83.82974422 -16.65251412
1 5 6 4
-83.73342128 -16.39385391
4 5 6 1
-83.82231958 -16.71812809
8 1 9 2
72.75892928 -44.40290079
5 7 4 2
-53.64618719 66.51863673
6 8 7 2
-30.90270241 -79.53687498
3 6 2 3
56.24090672 64.21076420
6 1 9 4
72.44175109 -44.57299465
6 9 5 3
-83.75736390 16.59661516
2 3 1 1
84.75673312 13.07073580
8 1 9 2
72.51355361 -44.58700074
4 6 5 2
-74.47059221 41.07005473
1 3 2 2
56.25510949 63.85448684
7 8 6 1
-75.05333029 -41.40585339
5 7 4 2
-53.33097587 66.56134382
5 9 6 4
-83.26311937 -17.19514877
7 9 8 2
27.53301439 -80.63819309
7 1 6 3
-74.78969290 -41.21443922
8 9 7 1
-31.33189737 -79.65154327
1 4 9 3
72.57983349 -44.35299561
8 3 2 4
55.95293683 63.99669734
4 7 3 3
1.89883809 85.14033326
6 8 5 2
-83.33393918 17.22964168
8 2 1 3
84.22598252 12.62572238
4 7 5 3
-74.90338672 40.50377663
6 8 5 2
-83.46968470 16.84229068
4 6 3 2
1.70870175 85.17559323
7 1 6 3
-74.92263267 -41.19629201
3 5 4 2
-53.21917366 66.47718325
1 4 5 3
-74.84633486 41.16941811
5 9 1 4
84.41935368 -12.96799363
4 8 3 4
2.11377532 85.11351170
8 2 7 3
-31.51529334 -78.96626671
1 4 5 3
-74.83204481 40.43813253
3 5 2 2
56.17444035 64.47204600
8 1 2 2
73.08811297 44.03032232
9 2 1 2
84.18794039 -13.16798873
5 6 4 1
-53.57100289 66.67399450
5 7 8 2
1.94508610 -85.07019056
5 7 6 2
-74.83629659 -41.03422294
3 5 2 2
55.88314531 64.07609155
7 1 6 3
-74.51748423 -41.03632218
8 3 9 4
56.09056265 -64.05849923
3 5 4 2
-53.68221458 66.61440141
6 9 8 3
27.62574886 -80.92967235
8 1 9 2
56.42751624 -64.08492138
2 4 3 2
26.79643900 80.76162297
9 2 8 2
27.24109785 -80.73640207
2 6 1 4
84.15035817 12.37976255
9 3 8 3
27.12044654 -80.79857195
6 7 5 1
-84.10460533 16.47971446
4 6 3 2
1.86562658 85.32914286
6 8 9 2
56.20392631 -64.08527864
5 8 6 3
-83.65827433 -16.74390188
7 9 1 2
84.26789869 -12.62861348
8 1 9 2
73.26476710 -44.22553825
2 4 1 2
84.31194752 12.71573791
5 9 4 4
-52.73179728 66.70849661
2 4 5 2
-74.69798766 41.04441240
8 2 7 3
-31.05172892 -79.18985691
3 7 8 4
1.85306593 -85.28442109
2 5 4 3
-53.27624617 66.47421284
2 5 6 3
-83.65113124 -16.43446481
9 4 1 4
84.38131731 -12.82212062
1 2 3 1
27.73341702 81.39359479
2 5 3 3
27.26747803 80.55669056
2 5 1 3
84.35031871 13.24241369
2 4 1 2
84.18570779 13.08310918
4 6 3 2
2.03329941 85.24050256
5 8 4 3
-52.91120445 66.67501027
1 4 3 3
1.82000589 85.29361308
6 7 5 1
-83.55817087 17.22835224
3 4 5 1
-74.97503827 41.16866364
9 4 5 4
-74.84972979 40.94547511
8 2 9 3
56.03797041 -64.10963332
2 4 3 2
1.71607975 85.12691820
8 2 1 3
84.17691153 13.03127125
2 6 5 4
-83.61696505 16.69745496
3 5 6 2
-83.77924194 -16.40466694
2 4 5 2
-74.81797812 40.92522912
9 2 1 2
84.17770585 -12.89041039
5 9 8 4
26.75457557 -80.69413343
9 4 3 4
1.87406488 85.22117962
1 5 4 4
-52.92872296 66.61117334
5 8 6 3
-83.78465034 -16.50635238
1 5 9 4
72.85394816 -44.32421201
2 6 7 4
-53.53150949 -66.27945394
1 4 3 3
2.10087280 85.27271274
5 7 8 2
2.18276613 -85.19853265
3 5 2 2
56.19533628 64.41104969
7 1 8 3
2.24520949 -85.16440783
7 9 8 2
1.79851163 -84.99884037
1 4 3 3
2.02181716 84.99053167
5 7 6 2
-83.41356401 -16.84371787
5 9 8 4
27.67265559 -80.66934409
3 6 2 3
56.17475141 63.92798992
4 5 6 1
-83.81985337 -16.90798223
1 3 2 2
73.19692893 44.11740653
2 3 4 1
-31.49108100 79.19239462
6 8 9 2
56.36755339 -64.22201319
3 5 4 2
-53.61531332 66.61096143
1 5 2 4
72.69614912 44.41539579
8 1 2 2
72.64796252 44.57366179
6 1 9 4
72.84391961 -44.47316695
5 9 1 4
84.42321074 -13.27514094
4 6 5 2
-74.80378647 40.88482863
4 6 5 2
-83.32141222 16.89405179
5 9 6 4
-83.83695968 -16.46737404
7 8 9 1
56.48869440 -64.81118158
1 3 2 2
56.61687554 63.41345943
7 8 6 1
-75.30499369 -41.50415679
4 7 3 3
2.44472148 84.97855399
5 8 4 3
-53.27876395 66.41035860
1 5 6 4
-83.38623620 -16.97680885
1 4 5 3
-74.75367738 40.51863363
3 5 4 2
-53.37557902 66.20892844
8 9 7 1
-31.48731025 -79.27160824
9 4 3 4
1.85930210 85.19176679
5 8 6 3
-83.41558216 -17.04390513
6 8 7 2
-53.49263715 -66.34580527
4 5 6 1
-83.33014607 -17.46636123
8 3 4 4
-30.60182025 79.34783079
8 1 9 2
55.85724733 -64.11359005
6 9 8 3
27.18359711 -80.58304476
9 2 1 2
84.32686376 -12.66762703
2 6 7 4
-53.11719041 -66.41867765
5 7 4 2
-52.78879748 66.70985143
4 6 5 2
-83.51960769 16.76980903
1 2 3 1
27.18020033 80.99823422
6 1 9 4
72.69228947 -44.14674580
2 4 3 2
2.00122889 85.00039884
7 2 3 4
27.42412589 80.48314383
5 6 7 1
-53.58502017 -66.76006658
6 8 7 2
-52.96983649 -66.65042212
8 1 9 2
72.33627506 -44.68662036
2 5 6 3
-83.93171448 -16.49249317
5 8 4 3
-53.29468583 66.59368975
6 7 5 1
-83.99488679 16.75238968
6 1 5 4
-83.53447919 16.95479214
6 8 9 2
55.91374965 -64.15667838
4 7 3 3
1.89099779 85.24544397
4 6 5 2
-83.62384832 16.80960800
8 1 2 2
72.75968991 44.16879658
7 2 6 4
-74.73185846 -41.06128393
3 5 6 2
-83.43109448 -16.52321037
8 2 7 3
-30.74484974 -79.61741849
9 3 4 3
-30.81474780 79.72898970
5 9 4 4
-53.31198893 66.40256656
9 4 1 4
84.30872324 -12.99059388
3 7 2 4
55.99956079 64.24427898
9 1 2 1
72.64295998 44.79586419
3 7 6 4
-74.75713768 -41.16702146
9 2 3 2
26.92217147 80.71597736
4 6 5 2
-74.69484310 41.14918716
4 7 5 3
-74.91562938 41.15733670
7 9 6 2
-74.78128061 -40.64716399
4 6 5 2
-74.60108049 41.04540272
1 3 2 2
56.25679146 64.18731048
9 1 8 1
27.68313116 -81.29590936
5 7 4 2
-52.91364317 66.60776040
7 8 9 1
56.67790565 -64.02725486
5 9 8 4
27.07547136 -80.65810756
3 5 4 2
-30.94727894 79.58661177
8 3 9 4
56.08535649 -64.16917021
6 7 8 1
2.17659007 -85.27174778
2 6 1 4
84.04288599 13.10375877
3 7 8 4
2.33679691 -85.02316721
8 9 7 1
-31.42852747 -79.31378983
5 8 9 3
56.35951403 -63.99039091
8 2 9 3
56.44228043 -63.88970496
5 6 4 1
-52.59966468 66.85591700
5 9 1 4
84.19722534 -12.36466342
6 9 5 3
-83.32361386 17.01759564
8 1 7 2
-31.02627420 -79.13932271
5 9 1 4
84.19839341 -13.04188619
6 8 9 2
56.06593874 -64.19133446
8 3 9 4
56.03955945 -64.16829740
1 5 6 4
-83.46779138 -16.87504984
6 8 7 2
-30.82223248 -79.60527978
3 6 4 3
-30.84955465 79.40630950
4 7 3 3
2.04176503 85.32298861
1 3 2 2
72.69204228 44.21824217
9 3 1 3
84.45245463 -12.93042826
2 5 4 3
-53.33763529 66.25733742
8 1 7 2
-31.18012698 -79.13161085
1 3 9 2
72.50806119 -44.36315455
3 7 8 4
2.09039802 -85.13435707
3 5 4 2
-30.88237239 79.68327363
7 2 1 4
84.25911528 12.88187995
5 8 7 3
-31.15543517 -79.43793615
1 3 2 2
73.10598522 44.15887137
7 1 9 3
72.85887681 -44.12472646
7 9 6 2
-74.85095291 -41.21305597
2 5 6 3
-83.87754644 -16.54328272
9 1 8 1
26.84047193 -80.99477183
5 8 4 3
-53.56235161 66.59336029
6 1 5 4
-83.87044761 16.54055593
7 2 3 4
27.56153010 80.88202128
4 5 6 1
-83.25540811 -17.50568503
3 4 5 1
-75.12965646 40.50154198
5 8 4 3
-53.54273378 66.51718611
4 7 6 3
-74.73750933 -40.75178687
8 1 9 2
56.18268868 -64.28944895
5 9 4 4
-53.36507086 66.22236466
1 4 9 3
72.73739244 -44.18683441
7 8 6 1
-74.98624630 -40.29781980
9 1 2 1
72.69131991 44.76419994
1 5 6 4
-83.91495313 -16.51069652
2 6 7 4
-52.82322727 -66.61615059
6 7 8 1
2.38883160 -85.13964343
9 4 1 4
84.24389266 -12.45080439
1 5 6 4
-83.45817590 -16.55427687
1 3 2 2
56.17832644 64.01472242
4 8 9 4
56.59339584 -63.49426830
8 3 2 4
56.16111571 64.16280413
4 5 3 1
1.83780344 85.88654757
9 3 2 3
56.12324653 64.35192619
4 5 3 1
1.74178758 85.73686925
4 8 7 4
-30.97069971 -79.59352250
6 8 9 2
56.38227641 -63.96052533
4 7 3 3
1.64976438 85.10809963
1 3 2 2
56.27011255 64.29510585
3 6 2 3
56.53410381 63.50810848
4 8 7 4
-30.74052642 -79.27037975
5 6 7 1
-53.27423427 -66.96174105
4 7 6 3
-74.87800403 -41.05688785
4 6 5 2
-83.93227944 16.53528927
8 1 7 2
-30.94564787 -79.30150083
5 9 1 4
84.22802682 -12.79772115
3 5 4 2
-30.85263424 79.30703489
3 5 2 2
56.22496222 64.03524602
8 2 3 3
27.48589180 80.95028871
5 7 6 2
-74.51725013 -41.14021634
5 9 4 4
-53.53370931 66.38793445
8 1 9 2
73.18091113 -44.11471627
5 6 7 1
-52.99187782 -66.89109343
2 3 1 1
84.57308787 12.80890347
3 4 2 1
56.41386922 64.19822352
8 1 7 2
-31.18511581 -79.38039946
4 7 8 3
2.32246540 -85.06817860
7 8 6 1
-75.10131118 -40.37496686
7 9 6 2
-74.69609321 -41.08819271
4 5 3 1
2.31421042 85.47439974
3 5 4 2
-53.29211281 66.68193130
1 4 3 3
2.31445499 84.99512682
6 8 7 2
-53.54186836 -66.61581624
3 4 2 1
56.65153731 64.29199474
7 9 8 2
2.55203730 -85.02283442
2 6 7 4
-53.26665264 -66.56777130
1 3 2 2
72.50411450 44.48675448
1 4 3 3
1.69139587 85.25379205
1 2 3 1
26.53509220 80.86638450
3 4 2 1
56.54697061 64.11634459
7 9 8 2
2.03411219 -85.04454386
8 9 7 1
-31.01594837 -79.96512800
7 9 1 2
84.28557092 -13.20599714
4 6 7 2
-53.38375268 -66.50204680
2 6 1 4
84.11563475 12.93187937
4 7 3 3
2.21694154 85.09019166
4 8 9 4
55.96730397 -63.98644978
9 4 8 4
27.17793781 -80.57824910
3 7 8 4
2.47199550 -85.03208236
1 3 2 2
56.17872609 63.87355335
4 7 8 3
2.12255571 -85.02945721
7 8 9 1
56.49829011 -64.21617057
9 2 3 2
26.94915297 80.64915917
9 4 1 4
84.27826952 -13.04449850
8 1 7 2
-31.00688065 -79.34315215
4 8 5 4
-74.83642151 40.45401341
8 3 7 4
-30.72579438 -79.59470042
8 1 2 2
72.64178521 44.45922759
5 8 4 3
-53.05257897 66.60765128
4 5 3 1
1.88371546 85.52513317
4 7 5 3
-74.46310210 41.12696656
3 5 4 2
-31.35332803 79.04430905
6 9 7 3
-53.44478712 -66.15079458
4 6 5 2
-83.38077715 16.97986397
5 9 8 4
27.53889119 -80.90984033
6 8 5 2
-83.61072927 16.59972019
6 9 5 3
-83.80402062 16.56928406
6 7 8 1
1.91006530 -85.62598412
2 4 1 2
84.26418878 12.48043271
1 5 9 4
72.99093570 -44.28763324
5 7 8 2
2.33445704 -85.07365042
5 8 6 3
-83.32402579 -17.04429831
1 2 9 1
73.43034403 -44.54936827
8 9 7 1
-30.90676753 -80.17360044
5 9 4 4
-53.40739433 66.53384254
7 1 2 3
72.73968179 44.45471718
9 3 8 3
26.80810060 -80.77418753
6 9 8 3
27.50031169 -80.71671220
4 6 5 2
-83.72166134 16.68940203
1 3 9 2
72.93673985 -44.12294181
5 9 6 4
-83.43249674 -17.06075213
4 8 9 4
56.27255709 -64.49287121
7 9 8 2
27.54160602 -80.90240740
1 2 9 1
72.24023293 -44.81970536
7 9 8 2
27.30127888 -80.74329752
1 4 3 3
1.79374346 85.20689418
7 8 9 1
56.31015342 -64.55909314
4 5 3 1
2.58136778 85.06164095
3 6 7 3
-53.40206948 -66.34597639
7 2 3 4
27.57535950 80.53894844
5 9 8 4
27.47048376 -80.84197715
7 2 6 4
-74.73497768 -41.13547779
6 7 8 1
2.70949837 -85.04468374
9 1 2 1
73.26279807 44.61206659
7 1 8 3
2.42354109 -84.99302776
2 6 1 4
84.17346506 12.83663659
6 9 1 3
84.12713240 -13.13136243
6 9 1 3
84.28000808 -13.12924437
3 6 7 3
-53.09367287 -66.66263169
6 1 9 4
72.40074944 -44.59312383
8 2 1 3
84.16676332 12.40500680
2 4 1 2
84.14040063 12.44473620
5 7 6 2
-74.92237901 -40.79816407
7 1 6 3
-74.83576607 -40.56180349
6 9 5 3
-83.85551458 16.52479769
5 8 6 3
-83.40282140 -16.55912702
8 2 7 3
-30.86207507 -79.75020264
6 9 1 3
84.42478290 -13.10145508
4 7 5 3
-74.92898587 41.04782539
2 5 4 3
-53.11896332 66.68425650
3 6 4 3
-30.71424263 79.27621664
2 6 5 4
-83.52602672 16.91543928
7 2 8 4
2.57592786 -84.99253785
4 6 7 2
-52.98132821 -66.52221247
5 6 4 1
-53.24727595 66.82517793
6 9 1 3
84.15247719 -13.18168377
3 5 6 2
-83.39569979 -16.85900244
5 8 7 3
-30.81823269 -79.58587797
1 5 2 4
72.58613837 44.39221101
2 5 1 3
84.25238482 13.17232967
1 3 2 2
56.17820711 63.86694814
7 1 8 3
1.74105361 -85.16324563
2 4 1 2
84.39931325 12.85360260
1 3 2 2
73.04524539 44.15036494
6 9 7 3
-52.87892375 -66.71857076
4 7 5 3
-74.69478730 41.28554081
7 2 6 4
-74.81564819 -40.39964289
3 7 4 4
-30.98600534 79.27607038
2 3 4 1
-31.37450515 79.38781092
5 6 4 1
-53.62031062 66.77373061
6 1 9 4
72.50927031 -44.49744089
5 9 8 4
27.73832430 -80.97061281
1 2 9 1
73.48043787 -44.29158015
7 1 8 3
1.99207175 -85.08888267
8 1 7 2
-31.27978179 -79.11641324
3 6 4 3
-30.78630015 79.74359349
8 2 3 3
26.90086537 80.74920940
4 8 9 4
55.94656265 -64.19267734
6 8 5 2
-83.95615377 16.53059222
3 4 5 1
-75.02143857 40.65698029
9 4 8 4
27.49193664 -80.66407617
3 7 8 4
1.76576975 -85.26889025
5 7 4 2
-53.34776978 66.37187299
6 9 5 3
-83.62205905 16.79209036
2 6 3 4
27.35887719 80.74649110
5 6 7 1
-53.60567145 -66.76726368
8 3 2 4
56.48127534 63.62130707
7 8 6 1
-75.03128223 -40.07590252
2 6 1 4
84.22642264 12.40870887
4 6 5 2
-74.80390452 41.28996156
7 9 8 2
2.32859878 -85.02971768
2 3 4 1
-30.95036576 80.05876290
5 6 4 1
-54.08076322 66.94639355
2 6 7 4
-53.00165062 -66.58298108
7 1 6 3
-74.55847124 -40.92949747
7 8 9 1
56.75922562 -63.48312050
9 2 3 2
26.86561320 80.65594233
6 1 2 4
72.45749001 44.63390987
1 4 2 3
72.90084613 43.93474239
7 1 2 3
72.47700584 44.61236722
8 3 9 4
56.22056967 -64.50660765
1 4 3 3
2.27219520 85.14672460
9 1 2 1
72.83197758 44.50326691
8 2 7 3
-30.95548746 -79.29541177
9 3 4 3
-30.76279505 79.33677188
4 8 5 4
-74.60847366 40.74755905
3 4 5 1
-75.04016784 41.46073683
9 2 1 2
84.24151774 -12.76317036
4 7 5 3
-74.79997477 41.19775666
2 5 3 3
27.47338220 80.84131566
3 7 2 4
56.27547826 64.08905383
2 6 5 4
-83.59989759 16.52846598
9 4 5 4
-74.65548170 41.07756018
4 8 3 4
1.74560285 85.33056632
3 4 5 1
-75.04707475 41.22687569
7 8 6 1
-75.06556956 -40.83659862
7 1 2 3
73.23846632 44.23007035
5 9 4 4
-52.68519324 66.71089870
7 8 9 1
56.55542423 -63.79250063
7 9 8 2
1.58925208 -85.31007860
3 6 7 3
-53.19027201 -66.56066281
2 5 6 3
-83.38317554 -17.17763870
4 8 3 4
1.78187478 85.23272388
4 8 7 4
-30.91439228 -79.49729952
7 2 6 4
-74.94692561 -41.37928790
9 4 5 4
-74.72453722 40.92284542
7 2 1 4
84.14767695 12.47178420
5 8 7 3
-30.84295488 -79.65133466
9 3 8 3
27.58483094 -80.97534816
3 5 2 2
56.39731958 63.80546393
5 8 9 3
56.35213656 -64.06516893
3 5 2 2
56.06521007 63.88996631
4 7 3 3
1.60987887 85.12696075
1 2 9 1
72.85730999 -44.73638940
4 7 3 3
2.20257233 85.08648441
4 6 5 2
-74.84963123 40.50183294
5 8 7 3
-31.01175675 -79.30993891
1 4 3 3
1.74716450 85.24916084
5 8 6 3
-83.43444854 -16.85627140
2 5 1 3
84.52468042 13.16922045
7 2 1 4
84.08923760 12.59192256
5 7 8 2
2.36376158 -85.07076337
9 2 1 2
84.34596385 -12.79309081
2 4 1 2
84.20411532 13.03462541
9 1 8 1
27.71561791 -81.03102794
6 9 8 3
27.35807614 -80.80153886
9 3 2 3
56.40845386 63.94024980
9 3 1 3
84.41271770 -12.89614177
7 2 3 4
27.28571232 80.52343822
4 5 6 1
-83.62616028 -17.14051312
8 1 7 2
-30.91241275 -79.21254070
4 7 8 3
1.85333260 -85.47713092
6 1 2 4
72.98845813 44.14855329
3 4 5 1
-75.18577552 41.42926760
8 1 9 2
56.02965917 -64.27394576
7 8 9 1
56.48320539 -64.51085572
6 1 2 4
72.93664585 44.06132919
1 5 9 4
72.75115214 -44.37725896
9 2 1 2
84.23520052 13.19992948
1 5 6 4
-83.30587221 -17.23191442
5 6 4 1
-53.86345098 66.80669497
2 3 4 1
-31.10747890 79.77683791
4 7 5 3
-74.78913501 41.22840679
1 5 6 4
-83.52709086 -17.00976891
7 2 8 4
1.95289238 -85.36386292
9 4 3 4
1.67541173 85.47598084
2 3 1 1
84.33188030 12.41243497
1 5 4 4
-52.68642657 66.75586141
9 4 1 4
84.07628056 -13.07613136
4 7 5 3
-74.70674668 41.15179547
6 9 5 3
-83.71853025 16.37350880
5 7 6 2
-83.35984610 -16.68356810
9 2 8 2
27.74606144 -80.86688671
8 3 9 4
56.00968723 -64.10334585
6 9 1 3
84.39024141 -12.94526411
9 4 1 4
84.15816882 -12.52261007
9 4 5 4
-74.84732116 40.84001436
9 3 2 3
55.93011407 64.17212299
3 4 2 1
56.65538204 64.10827966
4 6 3 2
1.72808374 85.38784063
2 6 3 4
27.33944506 80.87479535
6 9 1 3
84.05143704 -12.79440442
8 2 7 3
-30.77367444 -79.78049851
5 9 4 4
-53.38064481 66.20282814
6 8 5 2
-83.69778085 16.37705481
5 7 8 2
1.58967577 -85.28694674
5 8 6 3
-83.45863903 -16.94051880
4 6 7 2
-53.03531377 -66.68184878
8 3 7 4
-31.33662991 -79.09212697
2 3 4 1
-31.48295603 79.14819777
4 5 3 1
1.87939875 85.54989568
6 9 8 3
27.73294106 -80.91696838
2 6 7 4
-53.38656301 -66.47448532
5 7 6 2
-74.85861774 -40.32012415
1 4 3 3
2.31648143 85.10465405
9 3 2 3
56.49072732 63.79121214
6 9 7 3
-53.32205218 -66.38842649
4 7 3 3
1.90895016 85.20437070
8 3 7 4
-30.74382752 -79.69297307
5 9 8 4
27.48128953 -80.86798489
3 7 2 4
55.99431659 64.01149951
9 4 5 4
-74.60332094 41.12471437
7 2 8 4
1.60771177 -85.15455026
5 9 1 4
84.21719878 -13.18875762
5 7 4 2
-53.28209449 66.30154583
7 1 8 3
1.84278678 -85.36591327
5 7 6 2
-83.53223440 -16.78642299
5 7 6 2
-83.45106405 -16.56158612
7 9 1 2
84.38338450 -12.94569326
5 6 7 1
-52.52919872 -66.84906304
7 8 6 1
-75.08776524 -41.07432768
5 8 4 3
-53.38615180 66.25812279
7 9 8 2
2.11842674 -85.15143935
1 4 9 3
72.60228415 -44.41136970
2 5 4 3
-53.39658537 66.18001502
9 3 1 3
84.15950044 -12.33848256
2 5 3 3
27.34341772 80.73377851
6 8 7 2
-53.46402803 -66.20731396
3 6 7 3
-53.35456280 -66.62828686
9 2 1 2
84.24948992 13.20100337
8 3 4 4
-30.95766541 79.16872057
1 3 4 2
-31.12833132 79.36788919
7 2 3 4
27.63510591 80.97614942
4 5 6 1
-83.31789871 -17.45089383
1 2 3 1
27.41347268 81.16411185
5 6 7 1
-52.85986195 -66.87349788
5 9 4 4
-53.00401836 66.60769086
2 6 1 4
84.16767299 13.19769290
6 9 7 3
-52.99865139 -66.45611711
2 4 3 2
2.34847460 85.10897878
7 9 8 2
2.07034360 -85.26053809
6 1 7 4
-53.47868801 -66.38150428
8 1 9 2
56.40468536 -63.71654806
2 4 1 2
84.32865410 13.04449067
6 7 5 1
-83.32490247 17.41195560
9 1 2 1
73.24697786 44.53827535
4 6 5 2
-74.89068420 40.22799942
3 7 6 4
-74.77201490 -40.96143456
5 6 7 1
-53.85943728 -66.76351432
9 1 8 1
27.01393656 -81.02175735
6 9 8 3
27.11031950 -80.83259229
5 7 8 2
1.66946287 -85.21518876
1 4 2 3
72.76256523 44.41916415
5 9 6 4
-83.56013889 -16.87415589
9 4 1 4
84.27287189 -13.09160692
2 5 1 3
84.08545859 13.05245269
6 9 8 3
27.52884927 -80.86012861
1 3 2 2
72.74489100 44.25090707
1 3 4 2
-30.61317309 79.47102808
1 2 9 1
73.25738616 -44.38557005
6 9 7 3
-53.71938685 -66.59548702
8 1 9 2
72.96131659 -44.37457730
9 3 8 3
27.56420389 -80.65029091
6 1 2 4
72.65286475 44.29331564
6 7 5 1
-83.47393108 17.27643377
4 8 9 4
56.33365826 -64.37906423
7 8 6 1
-75.01975001 -40.68506397
8 2 9 3
56.15269793 -63.85890331
7 1 9 3
72.96379374 -44.40024139
7 9 8 2
27.68539222 -80.92979542
9 1 8 1
26.90068488 -81.01729892
7 2 8 4
1.68713728 -85.55649141
9 4 1 4
84.15271116 -13.19521567
8 1 9 2
73.02155629 -44.03623028
6 8 7 2
-30.96948701 -79.21533777
7 9 8 2
27.72322564 -80.83578528
4 6 7 2
-53.18515443 -66.68844433
5 6 7 1
-53.69619707 -66.83463513
9 3 2 3
56.59139163 63.46830427
5 8 6 3
-83.95707193 -16.44987227
9 4 8 4
27.04650146 -80.61832667
8 1 9 2
56.09421928 -64.33466274
7 9 6 2
-74.78342465 -40.91195322
3 4 5 1
-75.17381711 41.28453672
4 5 6 1
-84.17245752 -16.58700812
5 8 9 3
56.26484229 -64.36320446
4 7 8 3
1.73075361 -85.27695628
8 3 4 4
-31.20531199 79.27107523
1 4 9 3
72.62772996 -44.51862576
1 2 9 1
73.56680532 -44.31883943
4 7 5 3
-74.92387931 41.06341126
8 3 2 4
56.12642024 63.90987403
7 9 8 2
1.81933338 -85.08972379
8 3 9 4
56.16116140 -64.26390452
8 3 7 4
-31.32865654 -79.18579398
7 8 6 1
-75.05724597 -41.17449417
5 7 8 2
2.23759869 -85.15414823
7 2 3 4
27.06015522 80.79019862
6 8 7 2
-30.78760209 -79.51816916
5 8 7 3
-30.87887995 -79.37009095
5 8 6 3
-83.43856709 -16.74635550
5 9 8 4
27.72916697 -80.92727814
8 3 4 4
-30.77101169 79.30633913
8 2 3 3
27.12857284 80.82153543
9 3 1 3
84.22229769 -12.65391338
1 3 9 2
72.31366874 -44.69363123
7 2 1 4
84.07012788 12.89547255
9 1 2 1
72.60285974 44.82145734
2 4 3 2
2.58128671 84.98856620
9 3 4 3
-30.98636151 79.47950194
9 3 2 3
56.45556106 63.55539051
3 4 2 1
56.52959299 63.95218415
7 2 6 4
-74.49693963 -41.03135442
5 7 8 2
1.67953616 -85.17953235
1 4 2 3
72.82336542 44.16342609
5 6 7 1
-53.25858374 -66.87495092
2 5 4 3
-53.34382854 66.60807050
6 9 1 3
84.13274927 -12.17258671
1 5 4 4
-53.50713757 66.58861088
2 6 3 4
27.12578789 80.69625620
6 9 5 3
-83.37648814 16.66481277
3 7 8 4
1.87276209 -85.24257389
2 5 6 3
-83.91897758 -16.49007854
6 8 9 2
56.06177051 -64.33134344
9 3 2 3
56.02868943 63.94680337
4 8 5 4
-74.84810298 41.05099467
1 4 2 3
72.82653668 44.18143099
4 7 5 3
-74.66035346 41.10190507
8 9 7 1
-31.56657725 -79.01849838
3 7 2 4
56.22699131 64.44520256
1 3 9 2
72.79164705 -44.32389620
1 5 9 4
72.59958042 -44.34378700
2 4 3 2
2.03096138 85.24009699
6 8 9 2
56.38475391 -64.11419084
6 1 5 4
-83.62804859 16.36893415
9 4 5 4
-74.56215786 41.15990500
5 8 6 3
-83.72048033 -16.71113700
8 2 3 3
27.02554013 80.74732372
5 7 6 2
-83.71263700 -16.63377762
4 7 6 3
-74.60342380 -40.87277950
9 2 1 2
84.13936394 12.40911743
7 9 1 2
84.21832917 -12.81009373
3 5 4 2
-30.69042648 79.29277987
4 8 3 4
2.03798723 85.29617934
3 5 2 2
56.25853558 64.49661495
2 5 1 3
84.20992738 12.63068783
4 5 3 1
2.24752300 85.27709403
4 7 6 3
-74.69932209 -40.92003219
2 6 5 4
-83.90225123 16.41381108
9 3 2 3
56.38191823 64.14417253
1 2 9 1
73.41478961 -44.33750340
1 5 4 4
-53.14360549 66.41505534
7 2 6 4
-74.70508697 -41.22689750
8 1 7 2
-31.28257163 -79.28183088
7 2 6 4
-74.65597763 -41.20036015
3 5 6 2
-83.88825679 -16.59433206
6 7 8 1
1.81952987 -85.62023391
9 3 1 3
84.22170886 -12.94496396
9 1 8 1
27.14611484 -80.90215181
4 7 8 3
2.06926067 -85.16629572
7 2 1 4
84.15018354 12.64498536
1 5 9 4
72.52112075 -44.60094696
1 5 9 4
73.14655776 -44.25041240
4 7 6 3
-74.85845659 -41.32095888
4 5 3 1
2.71265749 85.08954928
8 1 9 2
56.44223539 -63.87674207
7 9 8 2
26.97264841 -80.64317660
3 7 2 4
56.41335566 63.76336662
2 4 3 2
27.31420238 80.71423629
3 7 2 4
56.24092731 64.29001497
9 3 8 3
27.32784240 -80.76154217
8 9 7 1
-31.28960253 -79.45098955
4 5 3 1
1.61136817 86.07005992
3 5 6 2
-83.37843830 -16.61684754
4 8 9 4
56.24758447 -64.55086175
4 6 5 2
-83.49321475 16.79121641
8 2 7 3
-30.85646622 -79.24272551
5 7 8 2
1.74144131 -85.39900780
2 4 3 2
27.30448953 80.60720605
1 3 2 2
73.18800359 44.21403329
8 1 9 2
56.28035836 -64.23874111
1 2 3 1
27.05770637 81.09205625
5 7 8 2
2.00223424 -85.19743612
4 7 8 3
1.81725792 -85.10903638
8 3 4 4
-30.83649055 79.29513621
8 3 9 4
55.97441683 -64.17240024
1 3 4 2
-30.82443924 79.82661723
5 9 8 4
27.66877975 -80.72934551
1 2 3 1
27.08403247 81.04572710
7 1 8 3
2.23202689 -85.00227949
6 7 5 1
-83.27836086 17.43061004
5 8 6 3
-83.40429923 -16.49644458
8 1 2 2
72.59052452 44.28486992
8 3 9 4
56.20591055 -63.89449995
2 5 3 3
27.17960671 80.65138335
7 9 8 2
27.49342613 -80.53886029
1 5 9 4
72.80258411 -43.90208002
8 9 1 1
84.84177087 -12.95020199
4 8 9 4
56.16858780 -63.99603287
5 7 4 2
-53.53081706 66.31848055
6 1 5 4
-83.47861343 16.77798308
4 5 3 1
1.65857028 85.73358848
1 3 4 2
-30.83902361 79.22624952
3 4 5 1
-75.02138778 40.95784749
7 9 6 2
-74.86509576 -40.85684983
5 9 4 4
-53.45896452 66.23759427
8 1 7 2
-30.87873968 -79.53462458
5 9 6 4
-83.39300702 -16.46127036
9 3 2 3
56.29204659 63.87861395
5 8 7 3
-31.11653076 -79.21859613
6 1 2 4
72.62375743 44.51808291
9 4 8 4
27.65502082 -80.87296612
8 3 4 4
-30.76443708 79.28397735
1 4 2 3
73.05674917 44.21645690
8 2 1 3
84.13696443 12.28486174
1 2 9 1
73.37893040 -44.54172425
7 9 1 2
84.15232485 -13.13934530
2 5 3 3
27.25572570 80.82490627
1 3 2 2
72.61206120 44.27933188
4 6 5 2
-83.59505165 16.52452816
7 9 8 2
2.12044789 -85.11573828
2 6 3 4
27.59932641 80.57513653
8 3 4 4
-30.69663295 79.65552724
4 5 6 1
-83.37259311 -17.22770739
8 9 7 1
-31.00395602 -80.29957154
9 2 1 2
84.18981675 12.40185877
2 6 7 4
-53.65392085 -66.42015099
4 8 3 4
1.66405520 85.05121113
4 8 9 4
56.21363708 -63.92907983
9 2 1 2
84.21970622 -12.94981578
5 6 7 1
-54.00072569 -66.90345818
3 5 6 2
-83.75067721 -16.51480382
3 5 2 2
56.33955152 64.18497851
2 5 4 3
-53.42815956 66.38098779
2 6 5 4
-83.84339485 16.46193451
3 7 4 4
-31.28634411 79.08499588
9 3 4 3
-30.65215393 79.50947132
3 7 8 4
2.17377921 -85.16327248
7 2 8 4
1.90632252 -85.16060168
1 5 6 4
-83.52923577 -16.96544567
3 7 4 4
-30.79540791 79.48904368
3 5 6 2
-83.72608720 -16.60221291
2 4 3 2
27.28382514 80.79644588
4 7 5 3
-74.79210813 40.68300091
4 6 7 2
-53.09379500 -66.66944435
1 5 6 4
-83.45442610 -16.55214154
8 1 9 2
56.31128327 -63.97457092
7 9 1 2
84.16192618 -13.20834118
1 4 2 3
73.03921645 44.18593356
7 2 6 4
-74.91357751 -40.60091245
3 7 2 4
56.10584505 63.86892369
4 8 7 4
-31.35952180 -79.04232711
3 5 6 2
-83.42972058 -17.10449858
5 9 4 4
-53.67915316 66.50682517
5 9 6 4
-83.57975947 -16.41895333
1 3 2 2
56.14023564 64.20733693
2 5 1 3
84.29614367 13.05927933
4 7 6 3
-74.87953730 -41.12216009
3 7 6 4
-74.61034855 -41.11633337
3 5 4 2
-53.43499048 66.51763651
5 8 7 3
-30.83774320 -79.43772991
4 6 3 2
1.90521641 85.23398507
3 5 4 2
-31.02285269 79.25678797
9 3 1 3
84.46087410 -13.23458459
3 6 4 3
-30.87132998 79.41516129
7 1 8 3
1.89169123 -85.06229339
8 1 9 2
56.21289939 -63.80921407
6 7 5 1
-83.37454153 17.34889749
6 8 5 2
-83.58487716 16.67566032
9 4 3 4
1.73336360 85.09832816
7 8 9 1
56.56083882 -64.42500531
3 6 7 3
-53.12701621 -66.56786525
3 5 2 2
55.92100645 64.17424414
5 7 8 2
1.91057580 -85.41545541
7 2 3 4
26.96659883 80.76080136
1 3 2 2
56.22545400 64.26260990
6 8 5 2
-83.51499285 16.39906867
9 3 8 3
27.01355527 -80.84661584
7 8 9 1
56.53947611 -63.92683555
1 4 2 3
72.98795030 44.25911320
2 5 1 3
84.40186105 12.89601452
9 2 8 2
27.51209016 -80.54174465
9 2 3 2
27.10880032 80.62098547
9 1 8 1
27.64568648 -81.07803921
5 9 8 4
27.69746739 -80.93066005
5 8 9 3
56.37570430 -63.98665485
9 1 2 1
73.47951092 44.43711892
5 7 4 2
-53.58395571 66.58193266
3 5 6 2
-83.71566711 -16.74469279
5 7 6 2
-74.91844877 -40.87895464
6 1 9 4
72.90405360 -44.41039661
5 8 4 3
-52.85819035 66.71533374
6 7 5 1
-83.38393968 17.20236219
6 9 8 3
27.57141008 -80.45105846
9 4 1 4
84.27236455 -13.21115958
8 2 7 3
-30.77822031 -79.79344781
3 7 6 4
-74.81236026 -40.35233381
7 8 6 1
-74.92694240 -40.58706591
9 1 8 1
27.00361891 -80.96819805
9 3 4 3
-30.88981418 79.57413993
6 1 7 4
-53.37346449 -66.33729886
2 6 7 4
-53.29630079 -66.40987768
6 9 7 3
-53.45904665 -66.40860203
1 4 5 3
-74.77396591 40.96922319
3 4 5 1
-75.16541458 41.25389630
1 5 6 4
-83.53781450 -16.85784966
2 4 3 2
26.90884099 80.81775352
1 5 9 4
72.72885586 -44.45086976
8 3 4 4
-31.24687027 79.28894323
1 4 9 3
72.43684111 -44.67300574
8 2 3 3
27.67362397 80.87884768
6 8 7 2
-53.39047784 -66.40120705
7 9 8 2
27.41307957 -80.68378548
5 9 8 4
27.61129481 -80.92222205
2 6 5 4
-83.43567993 16.85574417
8 1 9 2
56.23097815 -64.33586625
1 4 2 3
72.38432806 44.66776457
4 7 5 3
-74.84735607 41.14058937
7 9 6 2
-74.88762965 -41.34043339
6 7 5 1
-83.94578927 16.82458674
7 9 8 2
1.61572696 -85.50427668
3 5 6 2
-83.50504672 -16.53665623
2 4 1 2
84.49805934 13.02812984
8 1 2 2
72.46285155 44.64480489
6 1 9 4
72.90897331 -44.29554086
3 4 5 1
-74.96646534 40.51305119
4 8 7 4
-31.36859159 -79.07087602
9 1 2 1
72.91601878 44.50313596
2 6 5 4
-83.44660834 16.99256086
5 9 6 4
-83.86728107 -16.61776811
6 1 9 4
72.90257639 -44.44077681
3 4 2 1
56.65632093 63.45122917
7 9 8 2
1.61493449 -85.40085570
2 4 3 2
27.39179097 80.70269519
2 5 6 3
-83.53926799 -16.46375421
6 7 8 1
2.45677902 -85.29351455
3 6 2 3
56.22643817 64.12394956
9 4 3 4
1.75335786 85.23164094
9 3 8 3
27.52921356 -80.61901881
2 4 1 2
84.04226320 12.78919849
9 4 1 4
84.10661339 -12.69144975
7 2 6 4
-74.90377148 -40.57836972
5 9 1 4
84.05697320 -13.03378132
1 4 3 3
1.84285952 85.02709715
9 4 5 4
-74.62597074 41.18824602
5 8 7 3
-30.76981717 -79.48934575
5 9 8 4
27.70366294 -80.76384308
3 4 2 1
56.54178886 64.58334217
6 8 5 2
-83.44201936 16.72875537
2 4 3 2
27.48915271 80.90429214
7 1 9 3
73.10702390 -44.21440113
3 6 7 3
-53.27616530 -66.41056414
7 1 6 3
-74.83984013 -41.05495655
3 5 4 2
-53.39055715 66.24116369
4 6 7 2
-53.10373639 -66.68229530
6 9 7 3
-53.37122252 -66.20326764
1 5 4 4
-53.04472525 66.47825698
9 3 1 3
84.13882532 -12.16964070
4 6 5 2
-74.86057623 40.83933329
3 4 5 1
-75.04743659 40.44815014
8 2 9 3
56.49648252 -63.77911252
6 7 5 1
-83.45206538 17.25418754
4 5 6 1
-83.32540793 -17.24383963
5 8 9 3
56.21392271 -63.90456128
9 1 8 1
27.37404890 -81.11808751
1 4 5 3
-74.88695761 41.36421066
7 9 8 2
1.99326693 -85.15607560
7 9 6 2
-74.69302178 -41.09936961
7 8 6 1
-75.13411233 -40.49507765
2 6 1 4
84.58886374 13.29170346
4 6 5 2
-83.50541795 16.46495229
1 5 6 4
-83.61330660 -16.76845840
9 4 8 4
27.46821796 -80.88604802
8 1 7 2
-30.70326444 -79.53051705
7 1 8 3
1.73344945 -85.51598763
2 4 3 2
27.70936580 80.96040366
3 6 7 3
-53.71849002 -66.60621032
4 6 5 2
-83.38944463 16.48180219
6 8 9 2
56.32378509 -63.80040716
2 5 4 3
-53.23030573 66.69567628
4 7 3 3
1.59021140 85.43044770
3 6 4 3
-31.00869805 79.43451303
9 4 1 4
84.44271146 -13.26189835
7 2 1 4
84.08315742 13.01089175
4 7 3 3
1.85022957 85.46482245
9 2 1 2
84.08296598 -12.62928238
2 5 3 3
27.37722205 80.50992934
4 7 6 3
-74.57722850 -41.06757921
6 8 7 2
-53.17818129 -66.42527670
1 5 2 4
73.13614579 44.14682588
8 1 7 2
-31.21397600 -79.15268165
3 6 5 3
-83.64430315 16.83985511
6 9 8 3
27.68506518 -80.86109146
2 6 5 4
-83.60018856 16.68555684
5 7 4 2
-53.21187369 66.33758923
5 8 6 3
-83.69895007 -16.82322283
4 8 3 4
1.70051286 85.21343759
9 1 8 1
26.63349416 -80.86317612
3 5 6 2
-83.58386437 -16.51559656
6 1 9 4
72.70047225 -44.39907639
9 3 4 3
-30.91717798 79.19296218
9 3 8 3
27.60617578 -80.72997886
4 8 5 4
-74.64275502 41.16753628
1 2 9 1
73.04597843 -44.68692306
8 3 7 4
-31.22645431 -79.05863919
9 3 4 3
-31.03494017 79.20293009
5 8 4 3
-53.49535220 66.65293668
4 6 5 2
-83.39163507 16.54679670
9 2 3 2
27.36467104 80.85844576
5 9 6 4
-83.81077042 -16.67303018
2 6 3 4
27.08030152 80.58550162
3 7 2 4
56.37836138 64.09505633
2 4 3 2
1.81803985 85.20278600
7 1 6 3
-74.64528433 -40.66966360
1 4 3 3
2.35819926 85.09028564
2 5 6 3
-83.47738116 -17.04165563
1 5 2 4
72.85631537 44.27793932
7 2 6 4
-74.77704062 -41.26284682
9 4 8 4
27.55815862 -80.54608722
6 8 7 2
-53.37848519 -66.58880286
4 7 6 3
-74.44410743 -41.15601380
7 9 8 2
1.69839062 -85.21835799
9 1 2 1
73.16904972 44.59079704
2 3 1 1
84.45955904 12.63657405
9 4 5 4
-74.73486113 40.79142730
4 5 6 1
-83.43578116 -17.29717708
6 1 5 4
-83.42299009 16.58854977
9 3 1 3
84.31580789 -13.07351441
1 5 2 4
72.86794474 43.90345000
9 1 8 1
27.84542956 -81.38420880
7 1 9 3
73.01733721 -44.22866343
5 7 6 2
-83.48133449 -16.53254885
5 6 4 1
-53.54147233 66.83676354
5 9 8 4
27.20050037 -80.84509838
5 9 1 4
84.40908107 -12.91819192
7 9 1 2
84.25060100 -13.18727782
8 1 9 2
72.92130328 -44.09089218
2 5 1 3
84.16239521 12.82645265
2 6 5 4
-83.31191068 16.87663600
3 6 7 3
-53.55598536 -66.36248266
9 3 8 3
26.87185947 -80.78902670
7 9 8 2
27.47729353 -80.49466863
7 9 8 2
1.91494468 -85.02747043
8 9 1 1
84.39923618 -12.61150944
9 3 2 3
56.12307895 64.36046269
4 6 5 2
-83.60509877 16.89613448
1 3 4 2
-31.00233514 79.48004092
7 2 3 4
27.61456193 80.78905903
2 5 6 3
-83.30882433 -17.18807785
3 5 4 2
-53.43837702 66.40810582
4 7 6 3
-74.85445426 -41.28393099
1 5 6 4
-83.65963182 -16.69507172
4 7 3 3
1.64335527 85.49453024
8 2 1 3
84.30156147 12.63416647
7 8 6 1
-74.97597455 -40.81244821
6 1 9 4
72.93577335 -44.31819766
5 9 1 4
84.06462809 -12.89177818
7 9 8 2
2.34345880 -85.12202214
8 1 9 2
56.54247795 -63.49324221
9 2 8 2
26.83628757 -80.79144908
3 6 4 3
-31.07321961 79.42780210
5 7 4 2
-53.26333137 66.27060833
1 5 4 4
-52.74201014 66.74793422
3 7 8 4
2.23918400 -85.20358686
7 9 1 2
84.11349042 -12.99484308
5 8 9 3
56.47029656 -63.54899189
4 8 9 4
56.17505186 -64.18690165
4 6 5 2
-74.67047297 41.16380167
8 1 7 2
-30.75417503 -79.53595110
5 9 1 4
84.19037990 -12.49544404
2 6 5 4
-83.36936889 16.87423719
7 2 8 4
1.74904729 -85.35950685
3 5 4 2
-53.48071894 66.66922297
8 2 1 3
84.38737929 13.05582487
9 3 4 3
-31.02622595 79.36452789
4 5 6 1
-83.53423709 -17.26134342
9 2 1 2
84.23071466 13.11400266
6 1 2 4
73.08305368 44.15907778
9 3 2 3
56.29327103 64.16789406
5 9 1 4
84.21122603 -12.91622755
7 9 6 2
-74.80618070 -40.92664637
3 7 4 4
-30.85436107 79.37427852
8 2 1 3
84.19295949 12.65770606
4 6 5 2
-83.79185868 16.54415735
3 7 4 4
-31.14806974 79.10294427
3 7 8 4
1.60914952 -85.54978569
8 3 9 4
56.57608432 -63.59035218
5 7 4 2
-53.24178459 66.39425987
7 2 3 4
27.06123113 80.77046511
9 1 2 1
73.16702017 44.64846012
1 2 9 1
72.88662996 -44.56372538
6 1 5 4
-83.91180088 16.59891331
3 4 2 1
56.47136993 64.12903088
6 9 5 3
-83.54594301 16.98622726
4 6 5 2
-74.73393288 41.14206229
1 4 9 3
72.78284744 -44.04532462
1 4 9 3
72.48351243 -44.54573787
5 6 7 1
-53.27156867 -66.94050929
8 2 9 3
56.16963705 -63.91312638
3 4 5 1
-75.01557582 40.27281093
6 8 5 2
-83.65012511 16.40446814
5 9 1 4
84.38521448 -13.13891702
9 4 3 4
1.92136798 85.14486987
1 4 2 3
72.96900316 43.95380537
6 1 5 4
-83.92336165 16.41992209
1 2 9 1
72.17363098 -44.94261825
1 3 9 2
72.58906237 -44.25549724
6 9 1 3
83.99604290 -13.06485997
8 9 7 1
-31.48993507 -79.35112404
3 5 2 2
56.11208619 64.04338458
8 1 9 2
73.05259016 -44.16131018
4 8 3 4
1.80005419 85.23710215
3 4 5 1
-74.96744548 41.38860903
3 6 2 3
56.27258671 64.20079985
5 9 8 4
27.00474294 -80.77305377
7 2 3 4
27.30548426 80.68844297
7 2 3 4
27.59707439 80.55813380
1 3 9 2
72.62255779 -44.36042603
6 7 5 1
-84.14235900 16.85171835
6 9 7 3
-53.53026217 -66.28997976
9 2 3 2
27.10695339 80.83232275
8 3 2 4
56.31541874 64.04900627
8 2 1 3
84.20648034 13.08236823
9 2 1 2
84.08880059 13.22111092
6 9 5 3
-83.30109650 17.23614729
2 4 3 2
2.26596242 85.01977152
4 6 5 2
-83.49614249 16.90351345
3 4 5 1
-74.96031259 41.07213441
2 4 5 2
-74.76406334 41.31864551
3 7 6 4
-74.82255023 -40.96778974
5 8 7 3
-30.67266555 -79.58090015
8 9 7 1
-31.10065006 -79.72558368
7 2 1 4
84.36583365 12.72844459
4 6 5 2
-83.48200969 16.40192863
9 1 8 1
27.08062720 -80.86986344
7 1 9 3
72.80337057 -43.91416171
2 5 6 3
-83.34843911 -16.76079761
2 4 5 2
-74.72168371 41.11193993
2 4 5 2
-74.81386918 40.69433221
8 1 9 2
56.05872674 -64.07443855
2 5 6 3
-83.46171154 -16.47465286
4 8 9 4
56.12958115 -64.25709674
8 9 7 1
-31.30486505 -79.34351638
5 6 4 1
-53.87714977 66.84817151
1 5 4 4
-53.14662240 66.43027356
8 1 9 2
56.00861534 -64.13452792
2 5 3 3
27.30677183 80.78476054
9 2 3 2
27.51315647 80.60254905
4 6 7 2
-52.85565414 -66.57804914
9 2 1 2
84.45439068 13.22100432
5 8 6 3
-83.54209882 -16.72586931
5 9 8 4
27.17635772 -80.74606741
3 4 2 1
56.60380631 64.29706213
7 8 6 1
-75.13196685 -41.05897815
2 6 1 4
84.36127155 13.07613721
5 7 6 2
-74.87817021 -40.74719602
6 1 9 4
73.34967759 -44.19301158
1 5 2 4
72.92859679 44.00187471
3 6 7 3
-53.31960021 -66.32888428
9 2 1 2
84.54005281 13.19696649
3 6 5 3
-83.92737651 16.47487760
9 3 8 3
26.71323622 -80.74328690
5 7 8 2
1.95907837 -85.03967359
9 3 1 3
84.27758037 -12.94347410
2 5 1 3
84.38848724 12.89449767
1 3 2 2
72.70842065 44.53169851
5 6 4 1
-53.85014973 66.97028140
8 9 7 1
-31.34093979 -79.47727294
5 6 7 1
-53.17067123 -66.96821719
3 5 4 2
-30.77402898 79.33836495
2 5 1 3
84.30213905 12.89642740
9 1 2 1
73.32884464 44.31152376
5 9 8 4
27.13882412 -80.65315542
9 4 5 4
-74.71845053 40.65042451
3 6 5 3
-83.51737600 16.85975664
3 4 5 1
-75.21137631 40.91168686
2 5 4 3
-53.15640166 66.42692638
8 9 1 1
84.31453768 -12.20854012
7 2 6 4
-74.83206915 -40.39544331
5 8 6 3
-83.46669150 -16.39250334
1 3 9 2
72.84442616 -44.17656500
8 3 4 4
-30.85590904 79.34008708
4 5 6 1
-83.82166260 -17.04941225
7 2 3 4
27.35119624 80.48959777
8 3 2 4
56.25070576 63.74561958
6 1 5 4
-83.51565895 16.58399125
3 7 2 4
56.26419009 64.11302931
4 6 3 2
1.70377625 85.25055388
4 7 6 3
-74.61817379 -40.97497950
4 6 3 2
1.61235023 85.53110865
2 5 1 3
84.14598254 12.28391650
6 9 7 3
-52.92421365 -66.70490115
6 1 2 4
73.10125062 44.30343575
6 8 5 2
-83.58102868 16.42117661
3 7 8 4
1.98584282 -85.03010935
9 3 1 3
84.47699468 -12.99678253
1 5 4 4
-53.23155910 66.28665434
9 2 1 2
84.15219065 12.84541411
2 3 4 1
-31.54901942 79.03978531
6 8 7 2
-30.86528459 -79.66584045
5 7 6 2
-83.95536806 -16.50813402
6 7 5 1
-84.04284291 16.56226048
9 4 5 4
-74.70663071 40.58633409
8 9 1 1
84.94974966 -13.23249861
8 1 9 2
56.07725628 -64.17401429
9 3 1 3
84.08631695 -12.57982182
6 7 8 1
2.17069799 -85.43654713
6 1 7 4
-53.10316354 -66.58825821
8 1 2 2
72.89420915 43.92562425
2 6 5 4
-83.51698852 16.35072040
7 1 9 3
72.84223924 -44.34683866
8 3 4 4
-30.68789482 79.55632116
2 5 1 3
84.13494375 12.75559373
8 3 9 4
56.58051180 -63.45221113
1 4 9 3
72.66613907 -44.10184208
1 2 3 1
27.88836092 81.44595763
7 8 6 1
-74.97765244 -40.39183582
7 9 8 2
2.10545193 -85.00769561
2 5 3 3
27.35202886 80.60259551
6 1 2 4
72.93316440 44.02810320
2 4 1 2
84.09084506 12.86806169
4 8 9 4
56.10292064 -63.99285380
4 6 5 2
-74.94471326 40.95494171
9 4 5 4
-74.86636779 40.99574516
6 1 2 4
73.05872553 44.15116205
6 8 9 2
56.12512219 -64.01041612
2 3 1 1
84.42474452 12.69882499
5 9 4 4
-53.69758137 66.61486185
7 9 1 2
84.29926731 -13.23837209
1 4 2 3
72.81678722 44.40644803
7 9 8 2
27.63972630 -80.77935450
4 6 3 2
2.30342925 85.00551072
7 1 8 3
1.61399249 -85.54819226
8 3 7 4
-31.02107680 -79.62160757
7 9 8 2
2.00285032 -85.25806478
9 1 2 1
73.18971000 44.45483370
6 8 7 2
-31.31503271 -79.08542578
6 9 8 3
27.67605825 -80.92339071
1 3 9 2
72.58416028 -44.38403431
6 1 5 4
-83.47604824 16.39660856
2 6 5 4
-83.99644081 16.50662663
1 4 3 3
2.17163795 84.98858215
3 4 5 1
-75.32502857 41.35126953
3 7 4 4
-30.74011732 79.45963406
7 8 9 1
56.47892783 -63.98095115
1 4 2 3
72.51262133 44.48431031
5 7 4 2
-53.40871661 66.53762067
5 9 8 4
27.60617095 -80.64503985
3 5 6 2
-83.82386802 -16.44162423
7 8 6 1
-75.06711742 -40.39175945
4 7 3 3
1.59178262 85.37948892
9 4 1 4
84.12225352 -12.45572612
6 8 5 2
-83.44401197 16.91807465
4 8 5 4
-74.81400439 40.93429951
1 2 3 1
26.37275578 80.80926560
8 3 4 4
-30.84773130 79.75922842
6 9 7 3
-52.83445408 -66.68540524
1 2 3 1
27.53001871 81.16583803
2 3 1 1
84.49039674 12.70937591
8 3 2 4
56.21032665 63.81294368
7 1 8 3
1.93259308 -85.22648886
9 3 4 3
-31.02038880 79.45883973
9 4 3 4
1.72309784 85.19122777
8 2 7 3
-30.92203095 -79.61396026
1 5 9 4
72.80249366 -44.48157826
7 8 9 1
56.53888680 -64.52997148
9 4 1 4
84.54653305 -13.25736550
2 4 3 2
1.72486182 85.45640248
9 3 1 3
84.11753402 -12.45749205
3 6 4 3
-31.47765485 78.96676971
3 7 2 4
56.37981866 63.77425965
2 6 5 4
-83.54005123 16.81126198
4 5 6 1
-84.08812863 -16.59817839
6 8 7 2
-52.96620055 -66.69775209
4 8 9 4
56.23738925 -64.44987741
3 5 2 2
56.24823464 63.86567857
7 8 6 1
-74.97683890 -41.33970090
1 4 9 3
72.89353983 -44.33170124
1 4 9 3
72.73360499 -44.00815380
3 6 5 3
-83.52862884 16.89277309
4 8 9 4
56.36744471 -64.07991937
3 5 2 2
56.21604356 63.99475575
1 5 2 4
72.91483799 44.32633284
7 1 6 3
-74.78609664 -41.33718789
1 5 6 4
-83.87112818 -16.57030114
1 4 9 3
72.56177624 -44.48436658
6 8 9 2
56.20394416 -64.21452760
9 3 1 3
84.50872684 -13.17527261
2 4 3 2
2.06023499 85.00714183
5 8 7 3
-31.33804809 -79.16711053
2 4 5 2
-74.40502445 41.13301644
6 1 9 4
72.76672990 -44.09323659
6 1 9 4
72.45842418 -44.50622773
6 1 7 4
-53.39521246 -66.21342097
7 2 6 4
-74.83195861 -40.65607872
7 8 9 1
56.44792140 -64.47367950
9 1 8 1
27.31923397 -81.23065166
2 5 1 3
84.19923925 12.36183275
5 7 8 2
2.05049768 -85.15754116
1 4 2 3
73.07695600 44.30415821
3 7 8 4
1.61015138 -85.34179693
5 8 4 3
-53.27535071 66.51673216
9 4 1 4
84.51842949 -13.25628232
1 2 9 1
72.96744074 -44.67960702
9 2 1 2
84.27927350 12.69805734
1 4 9 3
73.02852552 -44.29824213
5 9 1 4
84.14612230 -13.12236306
2 3 4 1
-30.98395230 79.72538100
5 6 4 1
-53.32715818 66.79468835
2 5 6 3
-83.33982741 -17.15849297
8 2 1 3
84.42550553 13.23109642
9 4 8 4
27.63723963 -80.97530727
2 5 4 3
-53.50308413 66.59067590
6 8 5 2
-83.49426643 16.43421575
5 7 4 2
-53.46134548 66.58128600
6 1 5 4
-83.35050663 16.80107420
9 2 1 2
84.48118718 -13.18930667
3 6 7 3
-53.06414072 -66.53732173
9 1 2 1
72.31670926 44.89784617
8 3 2 4
56.04402506 64.21909467
4 8 5 4
-74.91658457 40.96489253
2 6 7 4
-53.35389087 -66.23752384
6 1 9 4
72.50463366 -44.47997313
2 4 3 2
2.19764288 85.01448640
8 1 2 2
72.62710937 44.24744614
1 2 3 1
27.51133958 81.21464537
3 4 5 1
-75.25924077 41.47751426
5 6 4 1
-53.12049348 66.80028883
6 1 5 4
-83.98784517 16.50451496
7 9 6 2
-74.87669490 -40.32940420
9 4 3 4
1.63869167 85.37199845
7 9 1 2
84.13442436 -13.03466475
9 4 3 4
1.88408810 85.40910486
1 5 9 4
73.02544535 -44.10751986
6 7 5 1
-84.32867441 16.55247852
1 4 3 3
1.97878746 85.03947564
5 8 9 3
56.19753146 -64.38469829
1 2 9 1
72.34784770 -44.84634064
7 9 1 2
84.22608690 -12.56045454
8 3 7 4
-30.79036031 -79.63565384
5 8 4 3
-52.67152450 66.74460053
5 7 4 2
-53.25896857 66.32363875
2 5 1 3
84.05529856 12.69900467
3 7 8 4
2.42945847 -85.02942099
7 9 6 2
-74.77399555 -41.13846782
7 9 8 2
27.48022835 -80.44827645
8 3 2 4
56.38069436 64.01324541
9 2 1 2
84.34297263 -13.12290138
2 4 1 2
84.25980233 13.00712954
5 7 6 2
-74.83351629 -40.72386987
5 9 4 4
-52.89063633 66.55300046
7 2 8 4
2.36798428 -85.02259560
9 1 2 1
73.32263194 44.42319538
6 1 7 4
-53.18729172 -66.58148092
5 8 4 3
-52.78589776 66.65340307
7 2 3 4
27.49616683 80.48726704
6 9 7 3
-52.92820330 -66.56533375
5 8 6 3
-83.56279948 -16.89603889
2 4 3 2
27.24450126 80.85540697
8 1 2 2
72.87349910 44.20535737
9 2 1 2
84.25633474 -13.00582559
2 5 4 3
-53.12596978 66.61959538
4 8 3 4
1.97185378 85.08667555
5 7 6 2
-74.49040974 -41.05793798
1 5 2 4
73.07918249 44.11629260
7 9 6 2
-74.60174014 -41.22297063
7 9 8 2
1.59073149 -85.11406370
8 2 7 3
-30.90122914 -79.28751220
7 9 6 2
-74.81978605 -40.66026065
6 1 5 4
-83.32762888 16.99947023
4 6 3 2
1.93368443 85.32816277
1 5 6 4
-83.70906762 -16.74130366
1 5 2 4
72.83839348 44.16684086
6 7 8 1
2.67215359 -85.02414125
9 4 5 4
-74.86486415 40.69997098
6 1 5 4
-83.95582396 16.46165858
8 3 7 4
-31.40609107 -79.00451235
5 8 6 3
-83.29959609 -17.08698257
8 3 2 4
56.41750994 64.10196171
3 4 2 1
56.38519966 64.51432568
9 2 3 2
27.39692696 80.50790518
7 9 1 2
84.30736228 -13.17112871
6 7 5 1
-84.20976932 16.60592823
7 9 1 2
84.33708513 -12.81427472
3 4 2 1
56.31438161 64.61404818
2 6 3 4
27.59796840 80.66228415
6 8 9 2
56.54784102 -63.54702808
5 7 6 2
-74.57629177 -40.87073091
5 7 8 2
2.04398446 -85.20225126
6 8 7 2
-30.66336383 -79.51595987
1 3 2 2
56.39148809 63.92306090
7 8 6 1
-75.26494624 -41.59265167
3 7 8 4
1.90090188 -85.34682837
5 9 4 4
-53.36763250 66.21263053
2 6 7 4
-53.19215784 -66.69562251
7 9 8 2
27.62244393 -80.56981851
4 7 6 3
-74.90049488 -40.90613386
8 1 9 2
56.12149979 -64.07073216
9 2 1 2
84.07632415 12.72229587
3 6 2 3
56.32772278 63.72813363
2 6 1 4
84.06804858 12.56554857
2 6 5 4
-83.51772650 16.61368406
9 3 8 3
27.63182786 -80.60004147
1 3 2 2
56.02943800 64.04615084
2 4 5 2
-74.65350957 40.68446639
1 2 3 1
26.58254099 80.74778240
4 7 8 3
2.08883437 -85.02543653
1 5 4 4
-53.47889694 66.24371516
9 3 4 3
-30.99532167 79.20031522
3 5 4 2
-53.62295118 66.65148557
1 3 2 2
56.11488128 64.02590496
1 5 9 4
72.49220713 -44.57049233
5 8 7 3
-31.08507937 -79.43438293
5 9 4 4
-53.66935939 66.60056457
9 3 2 3
56.19157014 63.91904170
4 7 3 3
1.71388619 85.27855872
5 9 1 4
84.31799485 -13.09097145
8 1 2 2
72.39537215 44.56634660
3 6 5 3
-83.74863080 16.37992246
9 3 1 3
84.10136088 -12.33290395
9 2 8 2
27.19104612 -80.59178724
8 2 7 3
-31.25767504 -79.13229812
2 3 1 1
84.68245461 13.29893533
4 7 6 3
-74.56825224 -41.21557959
3 4 2 1
56.59257634 64.61685002
5 8 7 3
-31.00460221 -79.43381982
3 7 8 4
2.01170517 -85.01589377
1 3 4 2
-31.19602269 79.36762392
6 9 8 3
27.39183183 -80.91391813
330 666 650 632
4.59206
