8 2 7 3
-30.75629053 -79.32985555
7 9 8 2
27.38909034 -80.77540360
9 3 8 3
27.33943536 -80.77356789
7 2 3 4
27.56573321 80.62804757
6 9 8 3
27.32665877 -80.49097882
7 8 6 1
-74.96919608 -41.02327564
1 5 4 4
-53.07687912 66.59635851
6 9 8 3
27.51973681 -80.66280853
8 9 1 1
84.82690682 -12.93679254
5 8 9 3
56.10746660 -63.85923342
2 5 1 3
84.54897977 13.21177017
2 5 3 3
27.18727331 80.71299044
8 3 4 4
-30.97143185 79.40320751
5 9 6 4
-83.84810253 -16.45091824
8 1 2 2
72.80447078 44.39597722
9 3 8 3
27.31208792 -80.55414355
2 3 4 1
-31.00789935 80.05852652
6 8 7 2
-53.47538295 -66.47777429
3 6 2 3
56.45092118 63.90734393
4 6 5 2
-83.79676074 16.63273961
4 8 9 4
56.11038438 -64.31404137
3 6 4 3
-30.97616262 79.32984098
1 4 3 3
1.95260338 84.98695961
6 9 5 3
-83.67705924 16.86048816
9 3 8 3
27.15328634 -80.73549745
5 6 7 1
-53.75649412 -66.82660316
5 9 1 4
84.15659005 -13.12748327
5 7 8 2
1.70821272 -85.47316428
4 8 7 4
-31.05559363 -79.56534785
5 7 6 2
-74.91130641 -41.16154152
8 1 7 2
-30.97364204 -79.48863605
9 1 2 1
73.16862248 44.63754524
3 7 4 4
-30.84685911 79.80072143
4 8 7 4
-30.78389233 -79.34982303
6 8 9 2
56.46173144 -63.82802039
3 7 8 4
1.59120245 -85.47825977
2 3 4 1
-31.22002601 79.88017945
9 2 3 2
27.44590044 80.61075132
4 5 3 1
1.99370130 85.69303488
6 8 7 2
-53.61949284 -66.53400852
7 1 8 3
1.92935008 -85.30657083
2 4 5 2
-74.84911552 41.20076728
4 6 7 2
-53.05831170 -66.71549992
7 2 3 4
27.08017106 80.64762582
2 6 7 4
-53.37841959 -66.44215083
6 9 8 3
27.74549064 -80.88517920
3 4 2 1
56.69347342 64.10577618
5 6 7 1
-53.12030618 -66.78463161
2 5 4 3
-53.61601715 66.44144445
7 9 6 2
-74.57611458 -41.17329348
6 1 9 4
72.76371181 -44.01697458
2 6 3 4
27.67753266 80.76877378
5 8 4 3
-53.40301852 66.47842429
8 2 1 3
84.15777466 12.73739590
1 2 9 1
72.40442324 -44.83188361
8 1 9 2
56.35968495 -64.20500177
9 2 1 2
84.22299266 -12.53740332
3 7 6 4
-74.81459904 -41.01952528
3 7 8 4
2.18787304 -85.07472555
7 9 1 2
84.14428948 -12.95366184
2 4 3 2
27.56801925 80.69885945
6 7 5 1
-83.46644622 17.28333466
1 4 2 3
73.12744095 44.11391165
6 8 7 2
-53.29718330 -66.45702018
7 2 8 4
2.09206608 -85.10433435
9 4 1 4
84.17817928 -12.65215914
6 8 5 2
-83.44223843 16.93170862
3 7 8 4
1.90111846 -85.36593629
2 3 4 1
-31.20957554 79.55822253
1 2 3 1
27.08325586 80.88157933
6 1 7 4
-52.81910561 -66.61567399
3 4 2 1
56.61815284 63.93397756
7 2 6 4
-74.86438998 -40.42824306
5 6 7 1
-53.71049499 -66.92507935
3 6 2 3
56.18335173 63.78794576
5 9 6 4
-83.42512435 -16.86735752
1 4 2 3
72.69978924 44.34175347
6 1 9 4
73.01202751 -44.03288770
5 9 4 4
-53.27589479 66.43933652
8 3 7 4
-30.99262834 -79.66064745
8 1 2 2
72.66716837 44.39458650
9 1 8 1
27.87791681 -81.29576409
2 3 4 1
-31.42205412 79.29881226
1 2 3 1
27.08130549 81.11001703
8 1 9 2
56.45366885 -63.79430055
3 5 4 2
-30.90018860 79.51283066
1 2 3 1
27.16456353 81.13311462
9 3 8 3
26.86694786 -80.66799012
8 3 4 4
-30.86284620 79.78154697
9 2 8 2
27.25490281 -80.84657437
8 9 1 1
84.34192848 -12.41160702
7 9 8 2
27.39475010 -80.62818395
6 8 7 2
-53.07071429 -66.44570281
7 9 6 2
-74.79628586 -41.12730008
7 2 3 4
27.15157771 80.70984421
3 6 4 3
-31.00226117 79.62384737
5 8 9 3
56.19835057 -64.02425546
2 5 3 3
27.70658173 80.97059367
4 6 3 2
2.47246260 84.99375399
3 5 6 2
-83.74661945 -16.64743135
7 1 9 3
72.73455214 -44.24830652
3 5 2 2
56.30846304 63.76265865
8 3 2 4
56.06771560 64.12333369
2 6 3 4
27.63223116 80.65045373
5 8 4 3
-53.11735402 66.43075652
4 8 3 4
1.83679147 85.11567641
3 6 2 3
56.38215369 63.99313638
9 4 1 4
84.24976719 -12.50098551
5 7 8 2
2.44749094 -84.96782118
8 1 9 2
72.41627136 -44.60897130
2 4 3 2
1.65442569 85.07849635
2 4 1 2
84.23076894 12.95444169
3 6 5 3
-83.59009197 16.38717445
6 8 9 2
56.41325991 -63.84516712
2 5 4 3
-53.14839643 66.43613686
6 7 8 1
2.21594601 -85.53621904
6 1 5 4
-83.59307701 16.72478247
3 5 4 2
-53.49170170 66.30648498
8 1 9 2
56.20616816 -64.00088320
6 9 5 3
-83.66823690 16.80463173
1 3 9 2
72.64357084 -44.47606379
1 4 3 3
1.61835256 85.23125781
4 6 7 2
-53.21809954 -66.27902681
1 2 3 1
27.15880412 80.99973627
2 5 6 3
-83.25104302 -17.31743880
3 6 2 3
55.96138071 63.98429937
2 5 4 3
-53.68923925 66.45608943
3 4 5 1
-75.10510444 40.50993304
3 5 2 2
56.17690999 64.32329055
1 4 5 3
-74.91474372 40.91100453
5 7 6 2
-74.80055187 -40.84414231
7 1 9 3
72.83059997 -44.17320645
2 6 7 4
-53.52049474 -66.52112647
1 5 4 4
-52.74523249 66.74535921
5 8 4 3
-53.14733592 66.69381457
3 5 4 2
-53.29773942 66.25957825
8 3 2 4
56.38422869 63.63561767
4 6 3 2
1.64128353 85.32875665
2 6 1 4
84.13810589 12.36512471
7 8 9 1
56.49190584 -64.76979851
2 6 5 4
-83.46726942 16.98209953
8 2 7 3
-30.91207712 -79.56376767
6 9 8 3
27.44641723 -80.80452563
8 2 7 3
-30.64137524 -79.35915933
6 9 7 3
-53.24071192 -66.66573853
8 2 9 3
56.28240884 -64.28970345
6 1 5 4
-83.43236626 16.50383215
1 3 4 2
-30.99165166 79.30970359
5 7 6 2
-83.66650635 -16.86068540
9 2 8 2
27.63066343 -80.64872949
1 5 6 4
-83.63832732 -16.44260124
6 9 1 3
84.28813404 -12.53893656
8 2 1 3
84.14491843 12.26067514
7 2 3 4
27.18840749 80.81169423
1 3 4 2
-30.83638220 79.65893789
2 5 6 3
-83.67652004 -16.51802098
5 8 6 3
-83.53010711 -16.51385467
6 9 7 3
-53.67064118 -66.60325734
6 1 9 4
73.19412226 -44.15488266
6 1 5 4
-83.36050128 16.69810639
6 8 7 2
-53.62869238 -66.62033100
1 2 9 1
73.23950239 -44.38540702
6 9 7 3
-52.93698984 -66.64520102
3 7 2 4
56.10368395 64.20002927
1 4 5 3
-74.58161568 40.92394909
1 4 3 3
1.60581319 85.29692381
4 5 6 1
-83.36857292 -17.41692723
7 2 1 4
84.28266465 12.90937831
1 5 4 4
-53.08144075 66.63250480
2 4 3 2
27.55500438 80.83991971
5 9 4 4
-53.18690464 66.59607523
8 2 7 3
-30.69962947 -79.36994798
5 8 6 3
-83.62407619 -16.48593094
8 9 7 1
-31.26468187 -79.48002617
1 4 2 3
72.85219340 43.90649806
9 3 2 3
56.09129179 63.89698539
6 1 2 4
72.63643287 44.34463321
5 7 6 2
-74.74590439 -41.04039670
1 4 3 3
1.73898892 85.12268633
4 6 7 2
-53.31787898 -66.31157543
8 1 7 2
-31.00177810 -79.22625991
4 6 3 2
1.63205737 85.46345459
1 4 9 3
73.04382525 -44.21517162
8 2 9 3
56.31459146 -63.78180095
7 2 3 4
27.34911125 80.50489110
9 3 4 3
-30.84451818 79.28965203
6 8 5 2
-83.60033403 16.47538232
1 2 9 1
73.44509344 -44.38443325
5 7 4 2
-53.53783980 66.61136992
5 6 7 1
-53.19603485 -66.78803904
2 4 1 2
84.53302027 13.26855939
7 9 8 2
26.87110104 -80.64419191
3 7 8 4
2.10289320 -85.20522699
6 9 7 3
-53.21018353 -66.41717945
4 5 6 1
-84.41411483 -16.58061546
9 3 8 3
27.41725468 -80.74825023
8 2 7 3
-30.89544851 -79.58799335
8 2 1 3
84.41188483 12.90888798
4 7 8 3
1.88923174 -85.41391885
5 6 4 1
-53.25306393 66.93063871
3 6 2 3
56.10910000 64.05123228
1 4 5 3
-74.91833761 40.52862165
9 3 2 3
56.53359589 63.66352965
3 7 4 4
-30.65778480 79.30331129
6 8 7 2
-53.06829308 -66.39902109
9 2 1 2
84.38722077 12.86153132
6 9 8 3
27.45106242 -80.54932912
3 7 8 4
1.91856164 -85.02173059
5 8 4 3
-53.46090448 66.45130966
5 6 7 1
-53.28399701 -66.74542429
4 5 3 1
2.12426502 85.59749922
9 4 3 4
1.90722693 85.42037405
1 3 2 2
56.14837345 63.87931676
7 9 8 2
27.48737269 -80.91960734
6 9 7 3
-53.52162901 -66.49536474
5 9 1 4
84.10836453 -12.75470057
6 1 5 4
-83.63619147 16.76255583
9 2 1 2
84.43539455 -13.26818749
7 9 8 2
27.29212436 -80.53089590
3 7 8 4
1.85037001 -85.21984032
1 5 6 4
-83.65513740 -16.81983735
6 8 7 2
-53.21768754 -66.43695433
1 2 3 1
27.34189282 81.07829581
1 3 9 2
73.20095614 -44.11727149
6 9 5 3
-83.36756627 16.72088261
4 8 7 4
-30.66210398 -79.34094301
9 1 8 1
26.90566200 -80.83744264
9 1 2 1
73.71602972 44.47578584
3 5 2 2
56.28452159 64.32702364
7 8 6 1
-74.98544395 -41.41579514
3 6 2 3
56.36420045 64.21049505
3 4 2 1
56.64242145 64.32105868
9 2 8 2
27.73660866 -80.84926342
3 5 4 2
-53.16126461 66.51435373
2 5 3 3
26.77592183 80.74802691
5 8 4 3
-53.22762556 66.63977848
7 1 6 3
-74.80848053 -40.39145640
2 6 5 4
-83.55831903 16.96940178
4 8 9 4
56.36021588 -64.10230280
4 7 6 3
-74.87329030 -40.61732094
6 9 5 3
-83.53593380 16.45749393
1 4 5 3
-74.89140955 41.13427791
6 9 1 3
84.13031654 -13.21084405
5 7 6 2
-83.60815154 -16.66605897
4 8 7 4
-30.60255694 -79.41755288
7 1 2 3
72.90443589 44.05910438
1 3 4 2
-31.26526181 79.07291351
1 5 9 4
72.83751419 -44.15124132
6 8 7 2
-53.45453849 -66.63527617
3 6 4 3
-31.02646600 79.44029832
4 8 5 4
-74.61417232 40.74320128
3 6 4 3
-30.82266975 79.59552849
3 6 4 3
-30.74146178 79.68044414
3 7 6 4
-74.88460013 -40.50849340
4 8 7 4
-30.92414079 -79.62751023
5 9 6 4
-83.68564708 -16.65788685
9 2 3 2
27.59384696 80.91094591
3 7 8 4
1.76257162 -85.22545339
5 9 6 4
-83.84526095 -16.40847518
2 6 1 4
84.07173076 12.62798685
9 4 1 4
84.48043833 -13.06405323
7 1 6 3
-74.60225121 -41.00868036
1 2 3 1
26.91117451 80.95052043
3 7 2 4
56.44455031 63.84009720
9 2 1 2
84.34932088 12.91092262
4 6 5 2
-74.81499361 40.42644842
6 7 5 1
-84.29914204 16.57724301
1 4 3 3
1.72470090 85.51897537
3 5 4 2
-31.44839558 79.00011715
4 6 3 2
1.60832199 85.04116730
9 1 8 1
27.51085125 -81.21378532
2 3 1 1
84.52404405 12.56110009
8 9 1 1
84.73025131 -12.95873876
3 5 2 2
56.22281585 64.01658133
7 9 8 2
2.09153993 -84.99288802
3 7 6 4
-74.88790445 -41.25775680
6 8 9 2
56.29072868 -64.05471306
5 8 6 3
-83.42056183 -17.12163885
2 5 3 3
27.32480919 80.71076170
2 5 3 3
27.54765737 80.51949693
4 8 3 4
1.60963223 85.56298463
6 9 8 3
27.53857724 -80.45186895
7 2 6 4
-74.91433874 -41.20260622
6 9 8 3
27.75797516 -80.99813158
7 9 1 2
84.40418240 -13.16433754
4 8 5 4
-74.84716082 40.55478847
2 3 1 1
84.96736939 13.26406900
3 6 5 3
-83.86815842 16.41250431
7 1 6 3
-74.83517635 -40.81598193
4 6 5 2
-83.33903588 16.89406744
1 4 9 3
73.06787944 -44.03591936
6 1 2 4
72.33153780 44.72688509
7 1 9 3
72.72201997 -44.49343507
5 8 4 3
-53.52150149 66.44489747
6 1 9 4
72.80774278 -44.02480864
5 8 4 3
-53.27093562 66.27815161
4 7 8 3
2.08832738 -84.99465726
9 1 8 1
27.37262630 -81.13653222
2 3 4 1
-31.65289545 78.93665952
7 2 1 4
84.04894588 12.89784436
2 6 7 4
-53.44935937 -66.28907156
9 4 8 4
27.58344352 -80.83506308
2 6 5 4
-83.62001038 16.61781598
7 1 2 3
73.07882393 44.28115837
1 4 2 3
72.88316426 44.24240493
9 4 5 4
-74.91883786 40.58039352
6 8 5 2
-83.44719508 16.66017414
7 8 6 1
-75.11638643 -40.49196846
7 1 8 3
2.10339512 -85.04749462
9 1 8 1
27.18719564 -81.04918149
4 8 3 4
1.75270457 85.50548270
1 3 9 2
72.77477700 -44.37831854
6 1 2 4
72.50178360 44.45283875
7 2 8 4
1.58723904 -85.30044251
6 9 1 3
84.18832400 -12.51028535
2 4 3 2
27.00993669 80.83548031
6 1 5 4
-84.05041516 16.44923589
4 5 3 1
1.83372828 85.49609735
5 8 9 3
56.33312395 -63.92721038
9 2 3 2
26.95511203 80.72814896
8 3 9 4
56.27094244 -64.36402324
9 2 8 2
27.24452267 -80.78059577
7 2 3 4
27.50309982 80.76997896
2 5 3 3
27.02687833 80.60259362
3 4 2 1
56.64382739 63.45145125
3 4 5 1
-75.02126371 40.75237575
7 1 8 3
1.73317820 -85.45885419
3 4 2 1
56.46000283 64.79566323
1 3 4 2
-31.48009278 79.01453788
4 8 5 4
-74.59584738 40.87104010
9 2 3 2
27.56853912 80.47586462
6 1 5 4
-83.56888951 16.43211615
7 2 1 4
84.16593883 13.14089603
3 5 2 2
56.04914065 64.18243754
6 7 8 1
1.65288906 -86.05492608
8 3 9 4
56.18801932 -64.09554472
6 7 5 1
-83.94153812 16.91355140
7 1 6 3
-74.69190414 -41.25501682
5 7 8 2
2.26711917 -85.02417135
7 1 6 3
-74.90542230 -41.34560887
6 9 5 3
-83.46896619 16.89664114
5 7 4 2
-53.18782022 66.64742373
4 8 5 4
-74.63733156 41.20716401
4 8 3 4
1.77797236 85.02961880
7 2 8 4
1.87294445 -85.19783111
5 9 6 4
-83.81702246 -16.47860412
2 5 1 3
84.34911533 13.17176697
2 3 4 1
-31.48098030 79.22489007
8 3 9 4
56.25584130 -64.24581860
2 6 7 4
-53.17160838 -66.65658523
7 9 8 2
27.66697990 -80.87636313
1 4 3 3
1.58846245 85.47195741
2 5 3 3
27.34099095 80.53855147
3 7 6 4
-74.50825889 -40.95531756
6 7 8 1
2.22995400 -85.43255393
9 4 8 4
27.04679834 -80.67252600
2 4 5 2
-74.66961732 41.14088078
2 4 3 2
2.10618855 84.98975533
6 9 8 3
27.04172671 -80.63689147
1 3 2 2
56.29616042 63.83726296
7 9 8 2
27.36787458 -80.76427459
5 8 9 3
56.10216674 -64.09119363
3 7 2 4
56.04755228 64.13942760
3 4 5 1
-74.97247594 41.23922336
2 4 5 2
-74.46009972 41.04185369
7 9 1 2
84.13951516 -13.06242215
3 7 4 4
-30.85629611 79.29400045
8 2 7 3
-30.57362984 -79.31199853
1 2 9 1
73.37120664 -44.52337946
3 5 6 2
-83.67832755 -16.78854053
3 6 5 3
-83.50460016 17.03883754
2 4 3 2
2.10783738 85.27672920
5 8 7 3
-30.67334430 -79.64917375
7 1 9 3
73.02336168 -44.38249143
7 8 9 1
56.40506464 -64.38125103
5 7 6 2
-83.38661296 -17.10215143
7 9 8 2
27.40772779 -80.79849480
6 1 5 4
-83.42957951 16.84483342
4 8 3 4
2.15137441 85.18443061
6 1 2 4
72.75767579 44.44846936
9 3 8 3
26.91275563 -80.65464449
3 7 8 4
1.70082599 -85.49410825
9 2 3 2
27.61943336 80.67001229
3 6 2 3
56.59215239 63.51096099
3 7 8 4
1.76487971 -85.01211795
7 1 6 3
-74.47025644 -41.06283294
4 8 5 4
-74.72472767 40.76062432
9 2 1 2
84.09400989 -12.83075635
7 1 9 3
73.23452960 -44.25932651
8 3 9 4
56.21361447 -63.80081416
5 6 4 1
-53.54265159 66.75100290
5 9 4 4
-52.61704658 66.78107973
6 7 5 1
-83.88102882 16.96671548
9 2 1 2
84.18364928 12.58492629
5 8 6 3
-83.35334789 -16.74443313
3 6 2 3
56.23644048 64.07934576
8 2 3 3
26.81121530 80.70952909
5 6 7 1
-53.07221744 -66.93361921
9 1 8 1
26.38488392 -80.82790477
5 9 6 4
-83.42587587 -17.01019449
5 8 7 3
-30.93224106 -79.36950496
2 3 1 1
85.02628023 13.35457925
7 2 1 4
84.15308974 12.87575742
4 6 5 2
-74.67364989 40.62234264
4 5 6 1
-83.84125291 -17.04653342
4 6 7 2
-53.36078943 -66.49022752
8 1 9 2
56.36519302 -64.09952788
8 2 9 3
56.35146257 -64.25357217
5 9 6 4
-83.73328890 -16.61075164
1 3 2 2
56.28044807 63.73619229
6 1 9 4
72.84543434 -44.07327363
7 1 8 3
1.76372661 -85.06198123
8 9 1 1
84.62654372 -12.70068244
3 7 8 4
1.96570882 -85.08806004
2 3 4 1
-31.16051544 79.72024943
3 7 6 4
-74.85521956 -40.94966426
3 7 6 4
-74.91282959 -40.71135630
9 2 3 2
27.53788761 80.42432072
6 1 9 4
72.83047324 -44.07800219
8 3 9 4
56.15677848 -64.31134743
7 1 6 3
-74.70135300 -40.68309118
3 7 2 4
56.16353679 64.01443315
9 2 3 2
27.03108328 80.73292619
3 7 8 4
2.10346028 -85.06303230
5 6 4 1
-53.81753902 66.94312065
9 2 8 2
27.34721529 -80.65434780
9 3 1 3
84.36586172 -13.16798912
9 4 1 4
84.12575630 -12.49176134
6 8 7 2
-31.25458462 -79.12136590
8 1 7 2
-30.93818101 -79.65925212
3 7 6 4
-74.90615102 -40.98759215
2 4 3 2
27.34920847 80.86441012
2 4 3 2
1.86350691 85.21708928
4 6 3 2
1.74560249 85.16095368
4 8 5 4
-74.81187177 41.08984137
6 1 2 4
72.93662095 44.20095505
2 6 3 4
27.48681217 80.62135481
2 5 6 3
-83.46618584 -16.49992921
7 1 2 3
72.69519434 44.53129186
9 2 8 2
26.97034056 -80.69877552
2 3 4 1
-31.07217619 80.06985500
6 7 8 1
1.75390787 -85.66542850
6 1 9 4
72.68236735 -44.19322404
6 9 1 3
84.16458836 -13.23585665
1 5 2 4
72.52824110 44.40528569
4 5 3 1
2.10805584 85.45584301
5 7 8 2
1.66806705 -84.99564912
9 4 5 4
-74.88043590 40.31670020
7 2 3 4
27.70094362 80.79585838
5 8 9 3
56.19277154 -64.23311399
2 4 3 2
27.64874381 80.85695126
5 9 1 4
84.17607080 -13.19161910
1 4 5 3
-74.84110143 41.33279719
9 1 2 1
73.37568573 44.49975066
7 1 6 3
-74.70958441 -40.69226728
4 6 5 2
-83.30553630 16.99411159
2 4 3 2
27.48160912 80.93189742
8 1 9 2
73.28260083 -44.17771820
9 2 1 2
84.18271333 12.80016175
1 3 2 2
56.29537407 63.74755737
1 2 9 1
73.63462639 -44.37164881
4 6 3 2
1.96401556 85.10203163
2 5 4 3
-53.51824508 66.34644840
8 9 7 1
-31.52003220 -79.03940390
6 1 7 4
-53.20306677 -66.46092770
9 4 5 4
-74.61858809 40.95939942
1 4 2 3
73.05084566 44.28776847
1 4 9 3
72.80233223 -44.25474238
2 6 7 4
-53.70457872 -66.57245591
8 2 9 3
56.39679015 -64.04610634
8 1 9 2
55.99223165 -64.19983244
4 8 5 4
-74.88796008 40.44599339
7 8 9 1
56.60125087 -64.47214958
2 4 3 2
2.01853203 85.00232705
5 8 6 3
-83.26205149 -17.23291111
7 2 6 4
-74.43722232 -41.13050012
2 6 3 4
27.33164479 80.80740054
6 9 7 3
-53.52402186 -66.24665582
3 5 4 2
-53.32732810 66.68318725
2 5 4 3
-53.19639963 66.30914904
3 4 2 1
56.58564596 63.68372177
7 1 8 3
1.78242976 -85.07059341
3 6 4 3
-30.85371730 79.53743403
1 5 9 4
72.80569029 -44.15689875
3 4 5 1
-75.38979903 41.64011974
3 7 8 4
2.43230593 -85.07046780
6 7 5 1
-83.85651881 17.06552399
9 3 8 3
27.46909706 -80.74144990
9 1 8 1
27.52760724 -81.02954757
2 6 1 4
84.54935864 13.27944639
2 4 3 2
27.10232017 80.57189431
1 5 6 4
-83.61254010 -16.37004192
2 6 7 4
-53.16074805 -66.51759166
4 8 3 4
2.45337097 85.00807662
5 9 4 4
-52.78879222 66.64792966
7 9 8 2
27.57015324 -80.42225157
9 3 2 3
56.00269726 64.16945693
5 6 4 1
-53.13988090 66.97443103
6 1 7 4
-53.49517166 -66.46505768
7 9 8 2
27.25914760 -80.80842952
7 8 6 1
-75.01151941 -41.19881911
6 1 7 4
-53.46325687 -66.48103838
6 1 2 4
72.86366048 44.45355981
9 4 1 4
84.19535112 -12.74024596
3 6 5 3
-83.31149031 17.14365026
1 5 4 4
-53.47411283 66.64352437
7 9 8 2
1.60645937 -85.59530041
3 5 2 2
56.42954273 63.96715421
6 7 8 1
2.55298572 -85.20908858
5 8 7 3
-30.90271526 -79.52560934
7 9 8 2
1.68194204 -85.37410130
6 7 5 1
-84.03852334 16.60708061
1 5 2 4
73.22435894 44.22087255
9 1 2 1
72.93687571 44.53321708
3 5 4 2
-53.25433764 66.56496953
9 4 5 4
-74.63127264 40.74362497
2 3 4 1
-31.02830736 79.77780372
9 3 2 3
56.38942805 63.80143096
8 9 1 1
84.90937021 -13.23414012
3 6 7 3
-53.28635019 -66.31429523
2 6 3 4
27.59128092 80.90210482
3 7 2 4
56.01730795 64.18785583
1 5 6 4
-83.63340450 -16.74981156
2 4 5 2
-74.52753059 40.90258830
6 7 5 1
-84.32214182 16.66366901
5 8 7 3
-31.05805210 -79.23492959
6 1 2 4
72.98271420 44.18991309
7 2 1 4
84.20876949 13.19383922
3 6 5 3
-83.58810456 16.41124828
8 2 1 3
84.52324414 13.13354928
9 2 1 2
84.30514163 12.72189818
2 4 3 2
2.35376882 85.00875428
5 9 1 4
83.97782223 -13.20350010
8 2 1 3
84.14528964 13.08902980
5 8 4 3
-53.45632790 66.55430505
5 9 1 4
84.13456568 -12.37714432
5 8 6 3
-83.32921152 -17.16131365
8 2 1 3
84.34757825 13.17352259
1 3 2 2
72.48616354 44.41935734
7 1 9 3
72.98907577 -44.02505398
3 5 2 2
56.32370584 64.37771327
6 7 8 1
1.74158037 -85.59799536
6 1 7 4
-53.17786951 -66.64124565
3 5 4 2
-52.98783725 66.52405679
7 8 6 1
-75.06940611 -41.33297152
4 6 5 2
-83.41141892 16.76058198
4 5 6 1
-83.42229134 -17.31446250
1 5 2 4
72.69871443 44.32508472
4 6 7 2
-53.69756415 -66.56918495
1 3 2 2
72.74286300 44.44382412
1 2 3 1
26.56749473 80.90822832
8 1 2 2
72.67883737 44.08560079
8 1 9 2
73.28865163 -44.18922612
2 5 6 3
-83.63385572 -16.47084592
1 2 9 1
72.73749360 -44.71573629
5 6 4 1
-53.28421546 66.72616306
5 9 4 4
-53.15717252 66.53495942
1 3 9 2
72.50485621 -44.45544717
4 7 5 3
-74.88078569 40.56969297
9 1 2 1
73.10298507 44.49153860
3 6 5 3
-83.33370116 17.12164573
2 6 7 4
-53.01424043 -66.44496265
6 8 7 2
-53.10626260 -66.41238927
3 6 5 3
-83.37373049 16.79728978
2 3 1 1
84.21078297 12.15333834
5 8 9 3
56.35523810 -63.91147069
3 7 4 4
-30.94187423 79.27386009
2 4 1 2
84.08562152 13.22312611
3 4 2 1
56.51138611 64.52484387
6 9 8 3
27.47711060 -80.59923619
7 2 8 4
1.77980527 -85.02309640
6 9 1 3
84.32006494 -12.58829455
5 9 1 4
84.14416303 -12.55661283
7 2 6 4
-74.67514329 -40.82524817
4 5 3 1
1.71491999 86.00960863
8 1 7 2
-31.09573544 -79.51744361
7 9 8 2
2.26587523 -85.10663376
5 7 8 2
1.59075651 -85.45719659
7 1 8 3
1.65825702 -85.60083831
3 4 2 1
56.39035805 64.54548129
8 1 9 2
56.02894331 -64.11478909
1 5 4 4
-53.09580648 66.42211739
1 3 2 2
72.74768967 44.21977029
3 7 8 4
1.91350571 -85.27757342
7 2 8 4
2.21031527 -85.06899846
6 9 7 3
-53.25491796 -66.66558066
8 3 9 4
56.27869237 -63.89531357
6 7 5 1
-83.41616318 17.34563347
5 7 6 2
-74.44480258 -41.07129838
9 4 8 4
27.36501416 -80.70258277
1 5 9 4
72.64886331 -44.49201392
5 6 7 1
-53.71401904 -66.74953389
1 5 2 4
72.91348993 44.26984823
8 2 3 3
27.18208728 80.73439031
2 5 4 3
-53.25736859 66.68211252
3 4 5 1
-75.13959765 41.41650676
5 8 7 3
-30.92095359 -79.29661475
5 9 6 4
-83.27454767 -17.20670829
6 7 5 1
-84.08365693 16.81582592
9 3 1 3
84.16352189 -12.57970911
2 6 7 4
-53.36584637 -66.24329853
9 4 5 4
-74.89959381 40.64693822
1 5 6 4
-83.62636019 -16.71832520
9 4 8 4
27.57492946 -80.55202257
2 4 3 2
27.51971625 80.77606818
3 6 4 3
-30.91279288 79.53145180
8 3 2 4
56.37620022 64.00254257
3 6 2 3
56.23073939 63.77643999
5 9 4 4
-53.59696250 66.46746443
6 9 5 3
-83.72790964 16.44300058
9 4 1 4
84.23261520 -12.60708799
2 5 4 3
-53.54247349 66.37842165
4 8 3 4
1.63847609 85.43341328
2 4 3 2
27.18379360 80.71298338
3 5 4 2
-31.10658578 79.27412612
7 2 1 4
84.24245067 13.02307676
5 8 9 3
56.18725032 -64.30677085
6 8 9 2
56.19286784 -63.97957626
7 2 6 4
-74.61915570 -41.25410518
8 3 4 4
-30.93627644 79.40722637
9 1 2 1
73.15874767 44.31357857
7 1 2 3
72.74940191 43.97815423
3 6 2 3
56.27355931 64.32048362
1 5 2 4
72.44784267 44.50214174
8 2 7 3
-30.81393899 -79.23914677
8 9 1 1
84.52384697 -12.91994112
6 7 8 1
2.01735834 -85.50294366
6 9 1 3
84.28926454 -12.75293213
2 4 3 2
27.37321249 80.55098701
9 3 1 3
84.48748287 -13.03063761
7 8 6 1
-74.98433991 -40.87193977
1 2 3 1
27.69760021 81.24155792
7 9 8 2
1.80823757 -85.17077450
5 7 6 2
-74.74607173 -40.80065904
4 6 5 2
-74.64167736 40.81602010
2 6 5 4
-83.74277241 16.57321817
5 7 6 2
-74.92279384 -40.69742693
7 8 6 1
-75.30728029 -41.62930520
5 9 4 4
-52.85579037 66.71327760
1 2 3 1
27.47377088 81.25913933
6 8 7 2
-53.13673439 -66.50998022
1 5 9 4
72.95712914 -43.98785981
2 3 1 1
84.62585878 13.15528311
8 2 3 3
27.57058179 80.64642959
9 2 8 2
27.26510801 -80.66243362
6 1 9 4
72.75813340 -43.98932229
2 6 3 4
27.44055851 80.64884470
6 7 8 1
2.32404258 -85.21624630
4 5 3 1
1.84606285 85.60186025
3 5 2 2
56.09496999 63.95802589
4 6 5 2
-74.68084168 40.92147105
6 1 7 4
-53.59082233 -66.59598977
1 4 2 3
72.76303911 44.26060827
9 4 8 4
26.72017734 -80.75139616
9 3 1 3
84.21486649 -12.92234266
8 1 9 2
73.21915130 -44.26832995
5 7 6 2
-83.44241161 -16.44719068
7 1 2 3
73.00407472 44.05504515
9 2 3 2
27.20891580 80.83897798
6 1 5 4
-83.29321937 17.08782296
3 7 6 4
-74.48659424 -41.09210801
8 3 7 4
-31.32707141 -79.10809066
6 8 9 2
56.33048078 -63.67255968
1 5 2 4
72.46870686 44.61408803
8 2 7 3
-31.34497217 -79.04581949
1 4 9 3
73.11405286 -44.16598508
5 9 6 4
-83.60434090 -16.88605554
6 9 8 3
27.52848122 -80.78140966
7 1 9 3
72.88709820 -44.33605974
7 8 9 1
56.63768886 -64.56694459
3 5 4 2
-31.28676445 79.12150785
8 9 1 1
84.67081888 -13.20405336
1 3 4 2
-31.05878759 79.26572030
8 2 3 3
27.63816711 80.56665203
6 7 5 1
-83.50013082 17.30595011
9 2 1 2
84.22159942 -12.65391929
1 2 3 1
27.74048717 81.29155875
2 6 3 4
27.63806837 80.61610816
9 1 8 1
27.81737017 -81.07469692
3 6 5 3
-83.41978515 16.88039921
1 5 4 4
-53.16829382 66.67155941
5 9 8 4
27.39191228 -80.78405660
7 9 8 2
27.77174212 -80.93986077
2 6 5 4
-83.73745617 16.70279899
3 4 5 1
-75.10636246 41.21735863
8 9 1 1
85.01152880 -13.27103415
5 6 4 1
-53.60025293 66.69897285
3 5 4 2
-53.76863094 66.58528333
2 4 1 2
84.31887476 13.07985474
1 2 9 1
73.40285687 -44.58859173
7 2 6 4
-74.46070278 -41.12743200
5 7 4 2
-52.87354464 66.56560616
2 4 3 2
1.82549558 85.08477890
6 1 5 4
-83.47527494 16.43227213
7 9 8 2
27.43555802 -80.88384615
6 8 7 2
-31.01762354 -79.48568241
3 5 2 2
56.09147805 64.36999074
2 6 1 4
84.27876447 12.76606529
7 2 6 4
-74.79376885 -40.99302502
2 6 5 4
-83.62019202 16.67483708
6 8 9 2
55.91874364 -64.03265005
1 3 2 2
73.01850755 44.20895519
7 1 9 3
72.90131930 -44.43719086
7 8 9 1
56.68936748 -64.21181948
3 4 2 1
56.58520501 64.66480229
6 7 8 1
1.84588775 -85.63327835
7 9 8 2
1.58952413 -85.07454436
4 7 5 3
-74.65453321 40.73106120
6 8 9 2
56.23614358 -64.34153124
9 2 1 2
84.05102350 12.89768158
1 5 4 4
-53.33138506 66.54715215
5 6 4 1
-53.91015349 66.91325772
2 3 1 1
84.58740069 12.82092492
2 3 1 1
84.23410432 12.31278043
2 5 1 3
84.20162120 13.15841681
5 7 6 2
-83.69658272 -16.38602212
1 5 4 4
-53.42701752 66.47690212
9 3 2 3
56.32917474 63.82751155
9 3 4 3
-31.20490424 79.16882601
4 6 5 2
-74.67658165 40.91826931
4 5 3 1
2.65049684 85.16149861
8 3 7 4
-31.23620671 -79.23799079
1 3 2 2
56.14443812 64.04629577
6 7 5 1
-84.46380375 16.58472837
3 4 2 1
56.45513334 64.68027175
1 5 9 4
73.03790403 -44.06661065
5 8 7 3
-31.12621636 -79.43861675
7 9 8 2
27.45542369 -80.79314364
6 9 5 3
-83.31199186 17.22251476
8 9 7 1
-30.96593322 -80.21465330
8 2 7 3
-31.02507289 -79.43189667
9 2 3 2
27.73647723 80.86684504
4 8 5 4
-74.91031368 41.15607006
6 9 7 3
-53.62245879 -66.40853541
7 1 2 3
72.74933875 44.12867692
1 4 5 3
-74.85495739 40.54087046
4 5 3 1
2.71644421 85.06223025
9 3 4 3
-30.97982814 79.61450547
9 3 1 3
84.30414114 -12.60187858
8 3 2 4
56.40727842 64.04622469
1 4 2 3
73.11352115 44.21309800
1 4 9 3
73.19293563 -44.11673747
7 9 8 2
27.51894933 -80.47322803
1 4 9 3
72.57688284 -44.43209493
5 7 6 2
-74.73150221 -41.07053116
8 3 2 4
56.04329471 64.17347362
2 5 1 3
84.36747663 12.82942999
2 4 3 2
1.79260924 85.44257279
6 9 5 3
-83.59622209 16.60982295
9 1 2 1
72.56422795 44.78320982
8 3 7 4
-31.16875837 -79.30289675
8 3 4 4
-30.97310508 79.31375198
9 3 2 3
56.29576347 63.80190988
2 4 3 2
1.63027313 85.21094423
6 8 9 2
56.13119306 -63.95510576
7 9 8 2
2.05377698 -85.04964944
7 2 1 4
84.05868654 13.18135150
9 4 8 4
27.30745710 -80.55877385
6 8 7 2
-31.34203844 -79.13396964
2 6 7 4
-53.01380178 -66.62744355
4 7 6 3
-74.61872933 -41.11335521
1 5 4 4
-53.57197128 66.52354542
8 1 2 2
72.75277603 44.31307927
2 5 6 3
-83.61168204 -16.55120070
4 6 5 2
-74.62058960 41.10832746
8 2 1 3
84.06739185 13.00314520
5 7 6 2
-74.74392143 -41.29689473
7 1 6 3
-74.64403971 -41.06270762
5 7 8 2
1.71373264 -85.16184694
8 1 9 2
72.52215690 -44.45636917
6 8 5 2
-83.68017596 16.62289996
3 7 8 4
1.73137854 -85.11485630
7 2 6 4
-74.89729250 -41.34875424
1 4 5 3
-74.65505418 40.71482216
8 9 7 1
-31.30124775 -79.36957713
7 1 9 3
72.52863697 -44.41088342
3 7 4 4
-30.92419784 79.68475804
8 3 2 4
56.30029929 64.41740361
7 8 9 1
56.60128290 -64.36673725
6 8 5 2
-83.29429654 17.26777672
9 4 1 4
84.47647904 -13.21238079
3 4 5 1
-74.95228799 40.66909025
6 1 2 4
72.81287910 44.21675301
8 2 1 3
84.23592666 12.90041925
7 1 8 3
1.59467467 -85.02252625
5 7 8 2
1.72422786 -85.28956397
8 1 9 2
73.12528393 -44.14647087
8 2 1 3
84.06816506 12.79969357
5 7 6 2
-83.56512002 -16.54668638
9 2 1 2
84.32965488 -13.03985330
2 3 1 1
84.37967321 12.48386524
5 7 8 2
2.24020616 -85.13774278
6 1 9 4
73.03330059 -44.01435683
9 3 4 3
-31.18471091 79.36015806
8 2 9 3
56.10973434 -64.00396149
5 6 7 1
-53.74630326 -66.85145014
4 8 9 4
56.28514182 -64.07893312
2 6 5 4
-83.74489246 16.46674045
5 9 8 4
27.46897503 -80.63704748
5 8 7 3
-30.80754521 -79.28795814
5 7 4 2
-52.97837116 66.72800650
9 3 2 3
56.22662595 63.86123286
3 5 6 2
-83.43018906 -16.73264828
6 1 5 4
-83.72290705 16.68748950
5 8 9 3
56.24281284 -64.24779350
9 3 4 3
-31.21731189 79.09084608
2 5 3 3
27.28346438 80.81060495
2 6 1 4
84.11291951 13.00886919
7 9 6 2
-74.88734907 -40.96039675
8 1 9 2
72.67657049 -44.36169270
2 6 5 4
-83.49373935 16.96641522
9 3 4 3
-30.94817098 79.47308708
2 4 5 2
-74.90334390 40.25364475
8 3 2 4
56.13642998 63.85465345
8 1 7 2
-31.05841772 -79.40480284
1 4 2 3
73.05055646 44.36851719
7 2 8 4
1.88057298 -85.30817786
5 7 8 2
2.31008724 -84.97740368
5 7 8 2
2.27229322 -85.10607890
6 9 5 3
-83.41295098 17.07784817
8 2 9 3
56.51106255 -63.76439899
4 8 3 4
1.70778929 85.22540099
6 1 9 4
73.02658127 -44.28399134
5 9 4 4
-53.26692290 66.51816206
4 8 5 4
-74.71384594 40.74065636
5 7 6 2
-74.71860103 -41.13428213
8 2 1 3
84.43741674 13.26888689
9 4 1 4
84.27734432 -12.86987434
3 6 4 3
-31.41813626 79.09714714
3 4 5 1
-75.06722224 40.39983523
4 6 7 2
-53.56145396 -66.58876674
9 4 3 4
2.04435996 85.00320395
9 1 8 1
26.58948090 -80.89063133
6 1 7 4
-53.22258469 -66.63677211
8 9 7 1
-31.56981886 -79.04777953
2 6 3 4
27.34160340 80.62568696
6 9 7 3
-53.38897242 -66.48249034
4 8 7 4
-31.06815209 -79.30504734
9 3 2 3
56.00335403 64.08961432
2 3 1 1
84.81446127 13.06609473
4 5 3 1
2.04298357 85.68844497
5 7 4 2
-52.67287852 66.76086494
7 1 8 3
1.71464108 -85.34506650
1 5 2 4
72.56151377 44.54350779
8 1 9 2
72.61261786 -44.41479680
2 4 5 2
-74.91447997 41.14585583
3 5 4 2
-31.18170639 79.17615973
2 6 5 4
-83.53476700 16.63851326
4 8 5 4
-74.50879183 41.08494875
2 6 7 4
-52.83010907 -66.72449049
3 7 8 4
2.21781944 -85.05726011
1 5 9 4
72.68420723 -44.55212219
6 1 9 4
72.56883307 -44.53561385
7 2 8 4
1.74467157 -85.42268511
7 2 3 4
27.41383520 80.66696716
3 5 6 2
-83.50293097 -17.01761542
7 8 9 1
56.67448237 -63.43472909
8 3 2 4
56.05115416 63.93003759
1 5 9 4
72.59021589 -44.55923468
8 3 9 4
56.26498410 -64.39790104
7 9 6 2
-74.61918439 -40.84819303
7 1 8 3
1.68678931 -85.28413728
4 8 5 4
-74.77896378 40.86939246
2 6 3 4
26.87099476 80.66531987
5 8 7 3
-30.94565444 -79.25528978
3 4 2 1
56.45063307 64.78290032
1 3 4 2
-30.93314023 79.25367843
8 2 9 3
56.39450658 -63.76613240
4 6 5 2
-74.82231042 40.66644761
6 8 7 2
-30.95884403 -79.45278612
7 8 9 1
56.60447712 -64.29918312
3 7 4 4
-30.98569473 79.41719407
8 3 2 4
56.05050249 64.06786330
2 6 5 4
-83.48470324 16.72778678
4 5 6 1
-84.21549523 -16.54269344
2 4 3 2
27.57918834 80.50809997
2 5 4 3
-53.40363499 66.24049799
6 7 8 1
2.18581066 -85.30493021
2 6 3 4
27.13810511 80.85433181
4 7 6 3
-74.48729143 -40.95866188
5 8 4 3
-53.63995575 66.62717086
5 8 9 3
55.98903031 -64.04118389
9 2 1 2
84.08201883 -13.10588727
4 5 3 1
1.63703830 85.97773972
2 3 4 1
-30.94738118 79.79969859
8 2 9 3
56.36625123 -64.27649608
8 9 1 1
84.72304987 -13.10445076
5 9 6 4
-83.68703968 -16.39827741
2 3 4 1
-31.30113510 79.38512853
6 9 1 3
84.08445653 -13.01810193
6 7 5 1
-83.89183509 16.95063869
7 9 8 2
2.54554861 -85.01769897
1 4 2 3
72.54364281 44.56936132
2 6 1 4
84.25962686 12.94315303
3 7 2 4
56.42580346 63.75922798
6 8 9 2
56.25876603 -64.22090250
8 1 7 2
-30.90594796 -79.37774663
3 4 2 1
56.39435934 64.50723657
9 3 4 3
-30.73584991 79.77102639
4 8 9 4
56.41720550 -63.63046528
5 8 7 3
-30.78349128 -79.30067730
5 6 4 1
-53.25482383 66.83616174
6 9 8 3
27.67655243 -80.77519316
5 7 8 2
1.73292667 -85.40433311
9 4 5 4
-74.80182883 40.62308336
8 2 7 3
-30.72719900 -79.74272057
9 2 3 2
26.95372872 80.68546788
6 8 5 2
-83.85242581 16.39604516
7 2 8 4
2.09847423 -85.22412768
7 1 6 3
-74.65169346 -40.75418954
8 3 2 4
56.34466475 64.20666248
4 7 5 3
-74.91243884 40.82265071
2 6 3 4
26.69844698 80.70140621
3 6 5 3
-83.36185078 17.02477101
8 1 7 2
-30.69234691 -79.61268747
6 9 1 3
84.21039358 -12.54500146
5 8 6 3
-83.22274667 -17.29829634
2 5 4 3
-53.40836897 66.46963821
2 4 1 2
84.16257366 12.41096773
8 9 7 1
-31.28380980 -79.74398439
8 3 9 4
56.32730415 -64.10502846
8 9 7 1
-31.06870575 -79.93244088
6 1 7 4
-52.87455772 -66.67016746
2 5 1 3
84.12902923 12.15522541
7 9 8 2
2.06556609 -85.06702105
4 6 5 2
-83.31960941 16.82586519
9 4 8 4
27.59741848 -80.94687994
1 4 5 3
-74.57647200 40.79324167
4 6 3 2
1.82042792 85.40949309
4 8 5 4
-74.65944906 40.85886670
5 6 7 1
-53.51443017 -66.78916183
1 5 2 4
72.64392631 44.25516645
7 9 8 2
27.56009255 -80.76602833
9 3 8 3
27.64896775 -80.68142764
8 9 7 1
-31.13475285 -79.98503863
1 5 4 4
-53.36269037 66.25096109
7 9 8 2
26.98389124 -80.70698824
5 8 9 3
56.19632328 -64.11471989
1 3 2 2
72.78626238 44.18552947
2 3 4 1
-31.40257027 79.13771022
9 3 8 3
27.31356277 -80.80872745
4 8 3 4
1.64644314 85.22496116
4 5 6 1
-83.35364391 -17.27967115
5 7 6 2
-74.55094860 -41.00558174
8 1 7 2
-31.13223862 -79.41287631
3 6 7 3
-53.30587941 -66.44617413
2 6 5 4
-83.43322994 16.82192251
6 7 5 1
-84.05935683 16.89668901
2 3 1 1
84.49144887 12.79300991
6 7 8 1
2.49952095 -85.30370230
5 9 6 4
-83.89476460 -16.56441379
3 7 4 4
-30.85096290 79.56144255
7 2 8 4
1.76258853 -85.53109852
9 4 3 4
1.67546660 85.45816645
9 2 8 2
26.86258923 -80.78179289
1 4 9 3
72.81903546 -44.01105944
8 2 3 3
27.51923868 80.43583740
5 8 7 3
-30.92501542 -79.24958671
4 6 7 2
-53.42535993 -66.40904917
9 4 8 4
27.48322521 -80.76132126
8 1 9 2
56.53813684 -63.67791989
4 6 3 2
1.72763334 85.32388630
3 6 7 3
-53.40839731 -66.68570222
7 1 8 3
2.23759048 -85.21282904
4 8 9 4
56.13699777 -64.02868908
3 5 4 2
-31.15829327 79.40524126
5 9 8 4
27.62771479 -80.56703564
1 4 3 3
1.62424870 85.04501774
9 4 3 4
1.72228602 85.29974131
4 8 3 4
1.81084466 85.44690427
7 2 8 4
2.20852256 -85.19743056
2 5 6 3
-83.39457653 -16.94043414
1 4 3 3
1.69726051 85.33107469
9 2 1 2
84.08568313 12.52469852
2 3 4 1
-31.36433891 79.34074274
5 7 4 2
-53.12831084 66.60390161
7 2 1 4
84.00283655 13.13133952
8 9 1 1
84.91452729 -13.31146588
5 8 7 3
-30.75865106 -79.59852649
2 4 3 2
2.11084880 85.08367643
2 3 1 1
84.32791307 12.24843077
3 6 2 3
56.28819442 64.30957556
3 5 4 2
-30.65336481 79.50269785
9 2 8 2
27.27821785 -80.59604818
5 8 9 3
56.43443948 -63.95757539
6 1 5 4
-83.50255342 16.42008842
6 1 9 4
72.49841170 -44.57843418
6 8 5 2
-83.54463262 16.53789674
1 5 6 4
-83.71173814 -16.58230739
6 8 7 2
-53.69989209 -66.61936242
3 6 2 3
56.34612417 63.67434202
7 9 8 2
27.40379316 -80.67359937
7 9 6 2
-74.94475757 -41.20580218
9 3 1 3
84.26450958 -12.96633450
2 6 3 4
27.35776327 80.68502135
5 9 8 4
27.12802078 -80.81647025
7 1 9 3
72.94394501 -44.24797493
1 5 9 4
72.79958627 -43.95139706
9 3 8 3
27.62757536 -80.52311739
5 9 4 4
-53.34601092 66.40059176
1 5 2 4
72.73035433 44.40434472
5 6 4 1
-53.49337773 66.78707831
9 3 1 3
84.12538621 -12.44795300
2 4 3 2
2.07920834 84.99221393
6 9 8 3
27.52742749 -80.60738882
7 1 9 3
72.72757515 -44.03902618
5 7 6 2
-74.78692268 -40.73387099
7 9 8 2
27.54460051 -80.86290299
9 2 3 2
26.70409734 80.73223027
4 7 6 3
-74.69653230 -41.25140711
7 9 8 2
27.10893197 -80.74005709
4 8 3 4
2.00716360 85.26095818
7 1 8 3
2.17718738 -84.98971825
5 6 4 1
-53.51396051 66.94081277
7 2 8 4
1.62987021 -85.53083082
8 3 2 4
56.43423045 63.62111244
8 2 9 3
56.38167629 -63.68658227
4 6 5 2
-74.88471507 41.11377576
8 1 9 2
72.73554508 -44.48857738
1 3 2 2
56.27643648 64.28601178
5 7 6 2
-83.56922073 -16.42011717
9 4 3 4
1.79425104 85.30640884
6 8 7 2
-30.82005847 -79.39202763
5 9 8 4
27.41835207 -80.70303621
6 1 5 4
-83.49308709 16.65801362
9 2 8 2
27.64179551 -80.88326982
6 8 7 2
-30.86579161 -79.28638733
7 8 9 1
56.47962907 -64.42307870
4 6 5 2
-74.69245968 40.71061418
9 4 8 4
27.02572303 -80.60389396
3 7 8 4
1.70704541 -85.50074661
1 3 2 2
56.10955801 64.31764217
8 3 2 4
56.45017513 63.80514269
7 9 8 2
1.85938083 -85.00568050
9 3 1 3
84.26101931 -12.79570666
4 7 3 3
1.97562721 85.31114578
3 7 4 4
-31.35114029 79.17625105
6 7 8 1
1.90701676 -85.47344855
9 1 2 1
73.40588961 44.52935841
7 2 3 4
26.90319535 80.68193483
5 7 4 2
-53.51244537 66.25592092
8 1 9 2
56.46673013 -63.80192029
6 9 8 3
27.46695606 -80.60742668
9 4 1 4
84.09461730 -13.06996695
6 8 7 2
-31.23170824 -79.15232257
6 1 7 4
-53.60072931 -66.41330099
2 3 1 1
84.62993242 12.90960855
4 8 5 4
-74.58041439 41.09599556
1 3 2 2
72.62312005 44.41689961
6 8 9 2
56.40116619 -63.74008881
9 2 8 2
27.66916602 -80.76285742
6 9 8 3
26.96894387 -80.83300711
9 4 8 4
26.85019365 -80.71513138
2 6 5 4
-83.79146402 16.69747991
4 6 5 2
-74.76261954 41.05040272
7 9 8 2
1.59521732 -85.20046500
3 5 4 2
-31.09947814 79.25763388
2 5 3 3
27.53990736 80.51588567
9 3 8 3
27.25642282 -80.77229148
6 7 5 1
-83.71981971 17.12971988
2 5 1 3
84.41702739 12.94795137
2 5 3 3
27.14701419 80.85970785
9 1 8 1
27.32099506 -80.99653952
6 8 7 2
-31.08863026 -79.26063845
4 7 3 3
1.58774412 85.54054347
8 3 7 4
-31.18349047 -79.33957607
8 1 9 2
73.00085615 -44.20432286
1 2 9 1
73.28589146 -44.45355340
1 3 4 2
-31.14047971 79.39759461
8 2 3 3
26.76532290 80.71591658
6 1 9 4
72.78553989 -44.00692583
2 4 5 2
-74.74467408 41.21131317
4 8 7 4
-30.78609849 -79.42794999
4 6 3 2
1.59665565 85.41920202
3 7 2 4
56.31760517 64.15853749
9 2 3 2
27.56422101 80.60846542
6 1 2 4
73.34510018 44.19679069
9 4 5 4
-74.90791583 41.38390983
3 5 4 2
-53.42049563 66.31945675
5 9 1 4
84.10438044 -12.83881092
9 4 1 4
84.34841651 -13.13483795
4 8 9 4
56.40673757 -63.95714857
9 4 8 4
26.93309590 -80.77932721
7 9 8 2
27.05889453 -80.63653553
4 7 6 3
-74.58951518 -40.94907054
5 8 6 3
-83.51711569 -17.00881214
2 4 1 2
84.24840386 13.10402931
1 5 9 4
72.67482140 -44.38226785
7 9 8 2
27.40412890 -80.75087027
5 7 4 2
-52.76219752 66.74551286
1 4 2 3
72.85865905 44.43203145
2 5 1 3
84.07520830 12.65774100
3 6 2 3
56.38622266 64.09752748
2 3 1 1
84.47690267 12.50468246
6 9 1 3
84.19610774 -12.50457908
7 1 8 3
2.46180610 -85.07394350
8 2 3 3
26.81981600 80.79905765
2 5 6 3
-83.66831059 -16.77409060
4 8 7 4
-30.84967722 -79.79266625
5 9 4 4
-53.52510058 66.29022067
7 2 1 4
84.13750835 12.24067607
6 8 5 2
-83.43169979 16.88432195
2 6 5 4
-83.41113554 16.44015175
1 4 9 3
72.87900861 -44.29198991
6 8 5 2
-83.52507448 16.74993159
7 8 9 1
56.56549811 -64.22252836
3 4 5 1
-74.93954608 40.13040825
5 9 4 4
-53.33043823 66.48755934
9 2 8 2
26.90558078 -80.69769401
1 4 5 3
-74.61171263 40.82438697
7 1 9 3
72.69924566 -44.27189296
6 8 5 2
-83.48826453 16.56414552
3 5 2 2
56.05448816 64.27582724
6 1 7 4
-53.71610999 -66.63120246
4 7 3 3
2.21096065 85.20479011
3 5 4 2
-52.93559004 66.53175431
9 3 2 3
56.27793517 64.47682796
4 6 5 2
-74.51493089 41.07332961
5 7 6 2
-74.58894672 -41.05760847
1 5 4 4
-53.27441257 66.43288328
9 2 3 2
27.29284595 80.74852550
8 1 7 2
-30.90987449 -79.45453224
9 4 8 4
27.66108446 -80.65564897
4 5 3 1
2.02135210 85.46581684
8 1 2 2
72.50941366 44.52777479
9 2 1 2
84.18331621 12.91047075
1 5 6 4
-83.36881913 -16.75635805
9 4 3 4
2.02871286 85.18886857
8 3 7 4
-31.20649925 -79.23879481
6 8 9 2
56.34263433 -64.06674075
4 7 8 3
1.94854335 -85.08207269
1 2 3 1
26.43123199 80.82840433
2 6 7 4
-53.67919184 -66.60504509
8 3 9 4
56.11774692 -64.30397753
1 5 9 4
73.08580248 -44.08592719
1 3 2 2
55.98693523 64.24553365
6 9 7 3
-53.60525743 -66.39353512
2 5 6 3
-83.38403136 -16.77255697
8 3 4 4
-31.26345311 79.27916911
6 7 5 1
-83.31650210 17.47424602
6 7 8 1
1.95625578 -85.57093368
9 4 1 4
84.40297713 -13.24765135
5 7 6 2
-83.41961099 -16.41074819
1 2 9 1
73.23085538 -44.60682285
2 6 3 4
27.43876408 80.47868893
5 7 6 2
-83.58028882 -16.48516389
2 4 5 2
-74.72907813 40.80888431
9 2 3 2
27.54981217 80.60135191
4 6 5 2
-83.67652504 16.73524649
5 8 9 3
56.19124209 -64.36848855
8 1 2 2
72.87381767 44.29751330
7 9 8 2
27.28351225 -80.76328405
9 2 1 2
84.42071355 12.88128284
4 6 5 2
-83.50898841 16.39259784
3 5 6 2
-83.69454249 -16.38839486
4 7 6 3
-74.78917045 -40.51602418
7 8 6 1
-75.07763457 -40.26552422
4 5 6 1
-83.96399769 -16.55290943
8 3 9 4
56.14237106 -64.41578257
8 9 1 1
84.67402725 -13.09614173
1 3 2 2
56.57849682 63.50763316
2 5 3 3
27.06716303 80.76191851
5 6 4 1
-53.09900408 66.96103183
6 7 5 1
-83.80249873 17.03552560
4 8 3 4
2.07638897 85.15082778
8 9 1 1
84.21466214 -12.11656389
4 5 6 1
-83.33794327 -17.24822143
8 3 7 4
-31.15532524 -79.36532092
4 8 7 4
-31.08910902 -79.38040706
5 8 6 3
-84.02526009 -16.46433180
5 6 7 1
-52.61924623 -66.90926818
5 7 6 2
-74.80358246 -40.40482485
7 8 6 1
-75.01935401 -40.11563312
2 4 3 2
27.47380218 80.61459175
8 9 1 1
84.48210397 -12.58776732
6 1 2 4
73.04088328 44.35271771
7 2 1 4
84.51654079 13.05999462
6 9 8 3
27.26549588 -80.86488633
8 2 9 3
56.19728385 -63.90487167
8 3 9 4
56.15945680 -64.40182379
8 2 3 3
27.59604731 80.78828169
1 4 2 3
72.62490097 44.56493146
5 8 6 3
-83.78407206 -16.45484385
9 1 2 1
73.36832073 44.29983195
4 5 6 1
-84.22064085 -16.64460599
5 9 8 4
27.72075476 -80.92255219
1 2 9 1
73.28450179 -44.25753970
7 9 6 2
-74.61720746 -41.14341814
3 5 4 2
-30.74169547 79.64036972
5 7 6 2
-83.25873544 -17.28528254
9 4 5 4
-74.92200815 41.06526997
1 2 3 1
27.80636294 81.32516415
7 9 8 2
26.93080593 -80.74194769
1 3 4 2
-30.82291428 79.36743070
6 1 9 4
72.64261697 -44.45736656
1 3 9 2
72.55366479 -44.37643948
6 7 8 1
2.02312268 -85.67138457
3 7 6 4
-74.90959726 -40.44575145
7 2 6 4
-74.81267456 -40.58103970
5 8 6 3
-83.47119589 -16.87306334
5 6 7 1
-53.70639503 -66.68590012
1 5 2 4
72.62320996 44.44442986
2 6 3 4
27.67047640 80.80811448
8 9 7 1
-31.30752059 -79.34977688
4 7 5 3
-74.80044441 40.82200344
1 5 2 4
73.01192245 44.09963838
8 3 9 4
56.27378323 -64.18462492
7 9 6 2
-74.66106999 -41.26692047
9 4 8 4
26.86275568 -80.66359010
3 6 7 3
-53.33337405 -66.38333287
7 2 1 4
84.41561003 13.06539402
6 9 1 3
84.15663048 -13.00877842
3 6 4 3
-31.23327482 79.07355038
3 4 5 1
-75.08688400 40.49618664
6 9 1 3
84.31249562 -13.00183208
7 1 9 3
73.13994333 -44.09189810
2 3 4 1
-31.49774632 79.28500809
1 5 4 4
-52.81349025 66.69796290
8 1 9 2
73.02480727 -44.22806948
5 9 6 4
-83.52300691 -16.54330421
2 6 7 4
-52.97288436 -66.73244555
8 1 9 2
73.11658083 -44.31509458
1 3 4 2
-30.80807628 79.55528931
5 8 4 3
-52.92996952 66.58761705
2 5 3 3
26.90769224 80.66187993
5 8 9 3
56.12514238 -64.06694499
5 6 7 1
-53.58378329 -66.69458124
4 6 3 2
1.95346632 85.37026575
8 3 9 4
56.47007878 -63.58358548
1 4 9 3
73.02878588 -44.19994426
1 4 2 3
72.90797609 44.25825235
7 1 2 3
72.88758604 44.26478625
2 4 3 2
1.69941345 85.40358640
4 8 7 4
-30.58705759 -79.41722557
8 3 4 4
-31.08150705 79.16326453
1 2 9 1
73.50481407 -44.36851306
5 7 6 2
-83.77177493 -16.49798443
3 4 2 1
56.70192172 63.67326712
2 4 1 2
84.43176024 13.04896152
1 3 9 2
73.19179047 -44.26635314
1 3 9 2
72.92263903 -44.01915091
8 3 4 4
-31.07918591 79.50597068
4 8 7 4
-31.00084007 -79.33340477
1 3 9 2
72.75818427 -44.31158457
1 2 9 1
72.34800045 -44.82054883
9 1 8 1
26.47111591 -80.80260630
3 5 4 2
-31.04970584 79.22265641
7 2 1 4
84.26882531 13.10970097
1 4 3 3
1.67821844 85.42684818
8 9 1 1
84.73920498 -13.28955126
5 7 8 2
1.94845340 -85.32834188
7 9 8 2
1.75540148 -85.13432015
7 8 6 1
-74.96620645 -40.72435221
7 2 3 4
27.04442138 80.78549963
4 8 5 4
-74.61954501 41.13556942
8 2 9 3
56.48243271 -63.58102407
7 1 2 3
73.23321461 44.24915488
3 5 4 2
-53.46997903 66.54485605
2 5 1 3
84.13336778 12.23241606
6 9 8 3
27.22998805 -80.73299228
5 6 7 1
-53.46375508 -66.74263650
2 5 6 3
-83.67841580 -16.73703535
8 1 7 2
-30.71909963 -79.63295079
6 8 7 2
-31.07478295 -79.25481896
1 2 3 1
27.42051931 81.18572371
7 1 2 3
73.27437996 44.13981925
8 9 7 1
-31.01150743 -79.80951593
3 5 4 2
-31.39945193 79.12023685
3 5 6 2
-83.30549817 -17.24316443
2 5 1 3
84.11680694 13.01464416
3 6 5 3
-83.28734875 17.26494611
4 7 6 3
-74.93789935 -41.41357671
7 8 9 1
56.54090142 -64.68924269
6 8 7 2
-30.96905895 -79.64599770
5 8 7 3
-31.05002860 -79.30177894
5 6 4 1
-53.40070537 66.69590151
1 5 4 4
-53.41863036 66.38379505
2 3 1 1
84.94339206 13.13450722
2 6 5 4
-83.40685045 16.60988485
8 2 9 3
56.51876246 -63.69914574
8 9 7 1
-31.18780451 -79.90950675
1 5 4 4
-52.76539324 66.73607276
6 8 5 2
-83.57082061 16.87000424
3 5 6 2
-83.58288411 -16.72107733
3 6 2 3
56.05938768 64.25883019
9 1 8 1
27.65593869 -81.08608168
8 2 1 3
84.43991643 12.91681692
4 6 5 2
-74.65871657 40.87434209
9 2 3 2
27.14923373 80.63053519
9 1 8 1
26.57083038 -80.75450797
4 5 6 1
-84.04716379 -16.55489402
4 6 7 2
-53.42546915 -66.15078741
9 4 8 4
27.47020373 -80.76757203
1 3 4 2
-30.97355463 79.67709730
6 1 7 4
-53.37141541 -66.30103233
6 1 2 4
72.74751938 44.07583041
2 6 1 4
84.27361327 13.22391426
8 1 2 2
73.00244165 44.35418079
4 7 8 3
2.33812442 -85.12531124
9 3 4 3
-30.64087863 79.33043769
7 1 6 3
-74.84916985 -40.66540733
4 7 8 3
1.73124139 -85.49540004
5 7 8 2
2.24152238 -85.01110226
7 9 8 2
1.98286248 -85.21278752
7 9 6 2
-74.76669680 -40.93788544
4 8 5 4
-74.67405631 40.62489912
6 7 8 1
2.21876200 -85.49967643
9 2 1 2
84.34120482 -12.75691149
1 5 2 4
72.87228356 44.13389495
5 9 6 4
-83.33583813 -16.85062176
2 5 3 3
27.48418981 80.75449126
1 4 2 3
72.85645159 44.18864137
5 7 6 2
-74.66343015 -40.93354769
7 8 9 1
56.34215529 -64.53791859
3 4 2 1
56.57982531 64.72139350
3 6 5 3
-83.76308856 16.50135584
1 3 4 2
-30.95046042 79.20689147
3 6 7 3
-53.06048579 -66.56607674
1 3 2 2
56.25221794 64.40168698
6 1 5 4
-83.59103752 16.69823799
7 1 9 3
72.83784732 -44.30375457
5 6 7 1
-53.03277473 -66.92321482
3 5 2 2
56.25783283 64.44513347
1 3 2 2
72.62416213 44.57062661
4 6 5 2
-74.83240447 40.51540351
8 3 4 4
-31.14907454 79.22099340
1 4 2 3
72.50812486 44.38220415
2 6 1 4
84.14932632 12.58495226
9 4 1 4
84.26684263 -12.56585858
6 9 1 3
84.27426732 -13.20518385
5 7 8 2
2.00479778 -85.35215053
2 3 4 1
-31.19299205 79.71966212
5 7 4 2
-53.47541662 66.23893527
6 7 8 1
2.34268244 -85.30883691
4 5 6 1
-83.59625422 -17.23472418
7 2 3 4
26.91477501 80.71880732
9 4 3 4
2.06194028 85.02043377
8 1 7 2
-31.12136782 -79.35893872
9 1 8 1
27.30668344 -81.12722013
6 7 5 1
-83.76611490 17.07714358
1 5 4 4
-52.93666116 66.68270053
1 5 2 4
73.03146858 44.00841645
1 5 6 4
-83.85821259 -16.65741372
6 1 2 4
72.55674555 44.41119429
9 4 8 4
27.57423500 -80.49578496
4 8 7 4
-31.09489177 -79.44469498
3 4 2 1
56.58892693 64.24014103
8 2 1 3
84.12211540 13.07189092
9 2 1 2
84.22090456 -13.19527207
7 9 8 2
27.57152011 -80.45555588
4 6 3 2
2.17007919 85.06107864
4 7 8 3
2.54496809 -84.97261525
3 5 6 2
-83.87559542 -16.59672882
9 3 8 3
27.49209603 -80.81685135
7 1 9 3
72.65394383 -44.47490174
4 5 6 1
-84.02387883 -16.76164739
3 7 2 4
56.34126592 64.22780042
7 2 3 4
27.44764026 80.51557241
4 5 6 1
-83.96858602 -16.99009244
3 7 2 4
56.37310653 63.81652558
7 1 2 3
72.82083436 43.95838254
9 2 3 2
27.31050729 80.55470095
3 6 4 3
-31.01109974 79.37056225
6 7 5 1
-83.88245295 16.90607452
9 2 3 2
27.46654138 80.52809396
1 5 2 4
72.51093141 44.36127508
3 4 2 1
56.70286536 64.20084098
9 4 8 4
27.32501661 -80.60825351
6 9 1 3
84.06150553 -13.00432056
7 9 1 2
84.29701004 -12.53671520
2 4 1 2
84.18819626 12.95743429
6 7 8 1
2.67682468 -85.04147231
1 2 9 1
72.68072196 -44.70154332
1 5 4 4
-53.18712830 66.39202363
5 8 6 3
-83.34155447 -16.75674054
4 6 5 2
-74.73965090 40.70407273
5 7 6 2
-83.34307608 -17.06541043
2 6 5 4
-83.63136623 16.75068608
7 2 6 4
-74.88787737 -40.43687512
1 4 2 3
73.06039781 44.31681243
6 9 7 3
-53.47154843 -66.40902474
9 2 8 2
27.55377990 -80.57720879
4 7 8 3
1.85895156 -85.43642368
7 8 9 1
56.75254089 -63.77461106
3 7 2 4
56.38545859 63.84802602
4 8 9 4
56.44010960 -63.60571548
4 5 3 1
2.39422491 85.16164192
1 5 6 4
-83.37830542 -17.15978138
7 1 6 3
-74.86719149 -40.51448554
8 1 9 2
56.15595446 -64.10069468
3 7 2 4
56.13574545 64.03828729
8 1 7 2
-31.23212616 -79.30146766
3 7 2 4
56.10674404 64.38207401
4 6 5 2
-83.40991499 16.57831402
9 3 1 3
84.18541544 -13.05900833
8 9 7 1
-31.08804486 -79.63822350
9 4 5 4
-74.61104352 40.86201563
3 7 2 4
56.44359250 63.94764058
8 1 9 2
56.21763559 -64.33040915
5 8 4 3
-52.79285346 66.63678304
4 6 7 2
-53.07744045 -66.50502475
8 1 7 2
-31.30540751 -79.10190717
1 4 2 3
72.50950519 44.35550778
3 7 2 4
56.20181067 64.16345570
4 8 7 4
-30.75085590 -79.37095210
7 9 6 2
-74.69948653 -40.99744310
7 2 3 4
27.37995425 80.59258728
4 6 5 2
-74.52735324 40.92091905
2 4 5 2
-74.67222829 40.61305829
1 4 9 3
72.52200183 -44.39291920
3 7 2 4
56.54279599 63.61765884
4 7 8 3
1.68845417 -85.53594105
6 1 5 4
-83.76726765 16.46473179
7 9 6 2
-74.49164396 -41.11306398
6 9 8 3
27.48211386 -80.87185093
2 4 5 2
-74.60862573 41.23669739
6 1 5 4
-83.49793151 16.88443659
2 5 1 3
84.21191357 12.56575229
5 9 8 4
27.29686390 -80.52710078
4 6 5 2
-83.27595928 17.17244964
1 4 5 3
-74.88309689 41.19734187
4 7 3 3
1.80622425 85.10787233
3 7 2 4
56.51752439 63.59200309
4 7 3 3
1.95390512 85.24200322
9 1 2 1
73.32693546 44.33909123
1 2 3 1
27.16123644 81.08582617
9 3 1 3
84.15523116 -12.27976000
6 9 7 3
-53.06156342 -66.60944044
5 9 4 4
-53.05777387 66.59018550
6 7 5 1
-83.98758592 16.56810476
4 8 3 4
1.80501187 85.46345458
9 4 8 4
27.47503522 -80.67847902
3 5 4 2
-30.93676557 79.30779975
8 2 7 3
-30.59562760 -79.37067435
5 9 4 4
-53.11699577 66.38906058
8 9 7 1
-31.22131759 -79.55180607
3 7 8 4
1.70594333 -85.01041372
4 5 3 1
1.81929229 85.56308300
3 7 2 4
56.12729162 64.03876845
3 4 5 1
-75.01284041 40.17759421
7 2 1 4
84.11918118 13.08863059
5 6 4 1
-53.89552364 66.98638733
5 7 8 2
1.84928838 -85.22820362
7 8 6 1
-75.13311401 -40.48891095
5 6 4 1
-53.50585188 66.87862592
2 6 1 4
84.23385534 12.57521234
2 3 4 1
-31.21147773 79.38425799
7 2 6 4
-74.78501258 -41.17309757
3 6 4 3
-31.07560092 79.16770956
1 5 6 4
-83.41847535 -16.39948471
4 8 9 4
55.99317876 -64.11721961
4 6 3 2
2.45134010 85.07690565
3 5 4 2
-30.61393398 79.47387201
1 5 4 4
-53.34862202 66.25726500
2 5 4 3
-53.15344615 66.67908468
2 4 3 2
27.43612895 80.85371125
4 6 7 2
-53.26709568 -66.24226306
4 7 3 3
1.82455367 85.35468277
4 8 9 4
56.15376873 -64.07880518
8 3 2 4
56.37444803 64.15424122
2 3 1 1
84.99143128 13.30204572
5 8 9 3
56.28487119 -63.97084918
3 5 2 2
56.54547790 63.53674100
8 3 9 4
56.19056542 -63.88954432
7 1 2 3
73.32245721 44.19767803
7 9 8 2
2.47475192 -85.01818603
2 4 5 2
-74.87685245 40.53389490
1 5 2 4
72.91079182 44.41295608
6 1 2 4
73.03092929 44.14170014
3 6 5 3
-83.41557181 17.04265582
6 8 5 2
-83.46249584 16.46409302
6 9 1 3
84.38972990 -13.09721621
1 4 9 3
72.95591842 -44.14528756
6 7 5 1
-83.79743300 17.07950681
9 1 8 1
27.25990735 -81.10987789
3 7 4 4
-30.87625209 79.42522510
6 9 8 3
27.40459130 -80.80342390
1 5 4 4
-53.23740842 66.66715929
9 2 1 2
84.08039990 -12.56953964
1 5 9 4
72.71113286 -44.26117992
6 1 9 4
72.91337229 -43.95579178
5 7 8 2
1.69073334 -85.48166628
3 7 2 4
56.33740866 64.16136522
1 5 9 4
72.38838956 -44.56961221
2 5 6 3
-83.41839421 -16.65392363
5 7 6 2
-83.82872863 -16.45803412
4 6 5 2
-83.64121660 16.89806011
1 3 4 2
-30.77449308 79.61606744
2 4 5 2
-74.82720105 40.88906390
3 6 5 3
-83.71076612 16.41784629
1 4 2 3
72.82195966 44.34236472
9 4 3 4
1.81322008 85.47712431
9 3 4 3
-30.82269259 79.48091348
5 7 8 2
1.85492176 -85.33682230
3 5 6 2
-83.47571353 -16.58769572
9 4 5 4
-74.82927727 40.51512718
2 6 7 4
-52.98177667 -66.54666100
3 6 2 3
56.40996175 63.76260805
6 1 5 4
-83.79404146 16.57016469
2 3 1 1
84.82037131 13.20742215
3 5 4 2
-31.14667578 79.15748629
2 5 6 3
-83.23011090 -17.26941658
4 6 3 2
1.68778369 85.53530863
4 5 6 1
-84.23733121 -16.49584030
7 1 8 3
2.08838554 -85.15388469
8 9 1 1
84.63975461 -12.76449827
3 7 6 4
-74.87364604 -40.37464062
8 2 9 3
55.95405335 -64.07980415
6 1 7 4
-53.09140030 -66.55232198
9 3 2 3
56.32153710 64.28463585
8 1 7 2
-31.25589047 -79.07323758
3 6 2 3
56.01888083 64.29728920
9 2 1 2
84.35368184 -12.91112574
6 1 7 4
-53.16981217 -66.63369899
9 2 3 2
27.67309675 80.96779222
4 6 5 2
-83.53643639 16.59633883
1 5 4 4
-53.37777665 66.67210220
2 4 3 2
1.87983761 85.01302850
9 2 3 2
27.21896931 80.61841261
4 8 7 4
-30.87239866 -79.46209456
9 2 3 2
27.65096644 80.89941319
4 7 3 3
1.84787020 85.43280124
4 6 5 2
-83.79198377 16.38534317
5 8 6 3
-83.44021878 -16.31711955
7 2 3 4
27.15702899 80.69037022
7 9 1 2
84.08886739 -12.84937677
1 5 9 4
73.02835053 -43.99598088
7 2 1 4
84.35218856 13.13837185
4 7 3 3
2.02214754 84.99274061
1 3 4 2
-31.38092652 78.99532272
9 3 2 3
56.42263308 63.61587411
7 8 6 1
-74.97938528 -40.38360693
9 1 2 1
72.96756138 44.60855928
7 9 1 2
84.52089293 -13.17834571
1 4 3 3
2.29448325 85.18492164
6 7 5 1
-83.93077288 16.91149779
6 8 5 2
-83.65762285 16.82188342
3 6 5 3
-83.62587429 16.72527238
8 2 9 3
55.98700188 -64.11206368
9 2 1 2
84.29689370 -12.61592768
7 2 3 4
27.31085218 80.60001725
7 9 1 2
84.32565529 -12.75441892
2 5 3 3
27.47846453 80.79034086
3 7 8 4
2.11715540 -85.08697549
8 2 1 3
84.27739502 13.00018118
3 4 5 1
-75.21421035 41.09865416
6 9 5 3
-83.56526689 16.65342616
9 2 8 2
27.11276876 -80.69144484
1 3 4 2
-30.72737734 79.56710279
3 7 8 4
1.92442532 -85.25295407
4 5 6 1
-84.06217079 -16.61846009
4 6 5 2
-74.46047403 41.11699665
8 1 7 2
-30.85504991 -79.51021261
9 2 1 2
84.44102607 -12.94849238
1 3 2 2
72.73513233 44.03941252
1 4 3 3
1.95445198 84.97925989
4 8 9 4
56.13135589 -64.36384421
1 4 2 3
72.60891427 44.49040158
3 7 2 4
56.23706301 64.00250965
6 7 8 1
2.75443676 -84.97788905
5 7 8 2
1.68796403 -85.00549745
1 4 9 3
72.41510061 -44.52369270
4 8 5 4
-74.86682720 40.51709992
8 1 7 2
-31.05736294 -79.28534169
8 1 7 2
-31.47815448 -79.01343158
5 9 4 4
-52.83101932 66.65323423
5 8 7 3
-30.59713640 -79.32396147
9 1 8 1
27.28175019 -80.99255461
5 7 4 2
-52.80249627 66.67703289
9 4 1 4
84.05444946 -13.10772985
4 7 8 3
2.26989872 -85.00521115
8 2 7 3
-30.69211358 -79.67684492
9 3 4 3
-31.04173247 79.43425461
5 8 9 3
55.98818253 -64.09621546
5 8 9 3
56.28174003 -64.14594733
1 4 2 3
72.97472161 44.02919798
6 9 8 3
27.73939062 -80.87325841
6 7 8 1
2.66339886 -85.12198205
9 2 8 2
27.07129778 -80.62778909
7 8 6 1
-75.17752845 -41.41858339
1 5 6 4
-83.73006920 -16.61273789
9 2 1 2
84.24706120 13.13023322
5 8 6 3
-83.48588904 -16.57334370
3 5 2 2
56.10556185 63.98802144
8 2 7 3
-31.13625827 -79.45588217
4 6 3 2
1.59850508 85.60769651
8 3 7 4
-30.94878948 -79.57319744
3 6 4 3
-30.63224676 79.32229352
2 6 3 4
27.71529664 80.90496343
8 1 7 2
-31.09485266 -79.20265897
8 2 7 3
-30.83396663 -79.40894673
9 3 8 3
27.43662239 -80.52070418
4 6 3 2
1.68059179 85.28058865
5 8 7 3
-30.77643470 -79.57032030
7 1 2 3
72.78883411 43.94961167
1 3 2 2
56.31606655 63.87643626
2 5 4 3
-53.56877031 66.62668500
4 7 8 3
1.79365794 -85.12346492
4 7 8 3
1.69188129 -85.19558173
1 3 9 2
72.68992685 -44.29354918
8 9 1 1
84.64263819 -13.12979754
4 5 3 1
1.69190909 85.61756589
7 2 1 4
84.39208646 13.00774987
5 7 6 2
-74.50586716 -40.99879178
2 3 1 1
84.20066942 12.08814856
7 2 1 4
84.11590753 12.59189333
3 4 2 1
56.66103007 63.51269197
2 6 1 4
84.41773390 13.12499718
5 8 4 3
-53.38103231 66.33007304
3 5 2 2
56.54723727 63.69034417
6 7 8 1
1.68712720 -85.71632637
5 6 4 1
-52.91324104 66.90466056
2 5 1 3
84.12620276 12.59507513
7 9 8 2
1.80286675 -85.42667206
6 9 8 3
27.15892433 -80.60180026
7 1 6 3
-74.72207602 -40.55639530
3 6 4 3
-31.38459354 79.03091297
8 2 9 3
56.29497661 -64.46130671
8 1 2 2
72.85803944 43.92083526
1 2 3 1
27.57824190 81.08225169
5 7 8 2
1.76877411 -84.98607505
3 7 4 4
-31.09843104 79.30593462
3 5 4 2
-53.65721975 66.57986341
9 4 8 4
27.39607695 -80.71087333
9 2 8 2
27.21734207 -80.87989843
2 4 1 2
84.15728598 12.61310833
7 2 1 4
84.32137072 12.81313645
9 4 3 4
1.58317496 85.24505374
3 7 8 4
1.60867729 -85.59996011
7 2 6 4
-74.68127726 -41.05255331
8 1 7 2
-30.93906833 -79.41000321
4 6 5 2
-83.31352780 16.98610789
1 5 4 4
-53.42338878 66.27816945
1 5 2 4
72.38177722 44.67718263
4 6 3 2
2.04863538 85.00309962
2 5 4 3
-53.76960731 66.63648211
7 1 9 3
72.79328327 -44.29295759
2 5 4 3
-53.65162354 66.53847575
2 5 3 3
27.53224890 80.84332444
8 2 3 3
27.19167623 80.62385546
8 2 7 3
-30.92862607 -79.42637832
4 6 5 2
-74.52180976 41.14453422
7 2 3 4
27.19531045 80.65563940
4 8 7 4
-30.96083426 -79.54171760
4 8 5 4
-74.84026787 40.51488780
9 3 4 3
-30.94898670 79.27744338
7 9 1 2
84.21067918 -12.42977812
6 8 9 2
56.40268082 -63.72970450
5 8 4 3
-53.07890310 66.66302482
3 7 4 4
-30.95828409 79.19712327
6 9 8 3
27.68311517 -80.74044798
2 6 5 4
-83.40421886 16.67920702
5 8 6 3
-83.72453084 -16.66617412
5 8 6 3
-83.68849247 -16.42814068
7 2 8 4
1.97023918 -85.28261367
9 3 4 3
-30.91915323 79.19476233
2 3 1 1
84.16680439 11.97421043
3 7 4 4
-30.82489896 79.47596195
5 9 6 4
-83.69922527 -16.71596654
2 6 7 4
-53.48861589 -66.58677713
3 7 4 4
-30.83225129 79.31875216
7 9 8 2
1.71216463 -85.00533623
1 5 4 4
-53.73036885 66.50790452
5 8 7 3
-31.04671011 -79.25286199
9 4 5 4
-74.76970461 40.64894284
8 1 9 2
56.02919195 -64.12726289
4 7 5 3
-74.75572546 40.71635868
1 3 2 2
72.92050741 44.36976903
9 3 1 3
84.11307259 -12.55407919
3 6 5 3
-83.84407710 16.61716645
1 2 3 1
26.85434271 80.86423735
3 5 4 2
-53.42635071 66.25287762
3 5 4 2
-53.26900056 66.69539756
6 1 2 4
72.81691535 43.88498487
4 7 8 3
2.45013752 -85.03151941
4 8 5 4
-74.73011141 41.19975097
9 3 2 3
56.20885587 64.48988739
1 5 6 4
-83.65417422 -16.74598402
9 4 3 4
1.67323047 85.01610755
5 7 4 2
-53.31961317 66.58189256
8 2 3 3
27.38976647 80.86624367
6 8 5 2
-83.88815159 16.41317574
4 5 6 1
-84.15744063 -16.81665557
2 5 6 3
-83.55635647 -16.37261311
7 1 9 3
72.38992813 -44.58809743
6 1 2 4
72.38362034 44.60661709
5 6 4 1
-53.06580493 66.86474922
7 2 6 4
-74.57120739 -41.12089803
3 4 5 1
-75.05488861 40.58325183
3 7 4 4
-30.99491752 79.48435759
9 2 8 2
27.34813167 -80.73089197
7 2 1 4
84.52758562 13.14649013
1 2 9 1
72.31355568 -44.77234178
6 9 7 3
-53.64816442 -66.42476269
7 9 8 2
27.23893487 -80.81010648
5 9 8 4
27.75596848 -80.89619455
2 5 3 3
27.21453642 80.76507292
5 6 7 1
-53.20149634 -66.90460964
9 1 8 1
27.41508516 -81.08533735
9 3 4 3
-30.74437997 79.54582947
4 8 9 4
56.10973741 -64.12695082
7 9 1 2
84.25961371 -13.03709843
2 5 6 3
-83.84100242 -16.62020222
7 1 9 3
72.95186889 -44.13076135
2 5 4 3
-53.05586435 66.49723200
3 7 8 4
1.96050421 -85.34701095
5 9 6 4
-83.84952252 -16.49218411
5 7 6 2
-74.58811403 -41.16040110
9 3 1 3
84.16938599 -12.75745695
1 2 3 1
26.72135950 80.96611066
3 7 4 4
-31.18512124 79.21308449
9 4 5 4
-74.93598394 41.24533219
4 7 5 3
-74.86477331 41.07202136
9 4 8 4
26.86954188 -80.74523468
1 4 3 3
1.94402107 85.32232318
5 6 4 1
-52.62866367 66.92831917
7 9 6 2
-74.84744324 -41.16118696
5 9 8 4
27.42351939 -80.60889571
1 2 9 1
73.39054716 -44.34355381
2 6 1 4
84.47820087 13.10091614
2 6 1 4
84.41849016 12.95837061
3 7 6 4
-74.79753565 -40.62192214
7 2 6 4
-74.88104051 -40.32605428
7 1 2 3
72.43288460 44.60360702
7 8 6 1
-74.95922430 -40.29773823
1 5 9 4
73.19066998 -44.08538345
3 5 2 2
56.15299809 64.05054879
4 5 6 1
-83.96835951 -16.81847655
4 8 7 4
-30.75642796 -79.30479054
8 2 3 3
27.48202288 80.79073071
6 9 7 3
-53.24500016 -66.46684886
8 9 7 1
-31.12257044 -79.73785612
5 7 4 2
-53.23603974 66.64450655
6 9 7 3
-53.41030532 -66.14014392
8 3 7 4
-30.64984097 -79.35506332
7 2 3 4
27.11814770 80.69523431
4 7 6 3
-74.63685655 -40.94075673
9 4 3 4
1.72822592 85.15455895
4 7 6 3
-74.66156713 -41.21693781
2 6 5 4
-83.39021061 16.92802075
5 8 4 3
-53.05270418 66.49389023
8 1 9 2
72.96617342 -44.36611379
6 9 7 3
-53.57367636 -66.38726609
2 3 1 1
84.73034169 13.28375108
9 2 1 2
84.27947098 13.00306615
4 6 5 2
-74.80190348 40.67673443
6 7 5 1
-84.10852046 16.72436792
3 7 8 4
2.09609701 -85.18236370
9 4 5 4
-74.91491145 40.68368762
7 8 9 1
56.46651443 -64.78147986
5 9 6 4
-83.48754085 -16.62312955
3 6 2 3
56.10545708 64.36141170
9 4 5 4
-74.90289878 40.25355791
8 1 9 2
72.53974555 -44.57488773
5 8 9 3
56.05526930 -64.25736038
2 6 3 4
27.51151193 80.91389040
6 1 7 4
-52.78321060 -66.69007607
3 4 5 1
-75.22411074 41.00000410
9 2 3 2
26.98162429 80.72558997
1 3 4 2
-31.07401950 79.38164226
4 5 3 1
2.24115202 85.29379785
7 9 6 2
-74.70953198 -41.06276185
9 3 2 3
56.05596678 64.10754917
9 4 5 4
-74.67947745 41.02910501
7 8 9 1
56.43130904 -64.56993156
5 9 4 4
-53.35860147 66.68834242
4 7 3 3
2.14967743 85.15069411
7 2 3 4
27.41988810 80.62467123
3 4 2 1
56.61894628 63.72566865
6 9 5 3
-83.70015216 16.82900775
8 1 9 2
72.33649897 -44.72471501
7 8 6 1
-75.13515035 -40.55314042
5 6 7 1
-53.89202707 -66.99867677
4 8 9 4
56.02540790 -64.29890998
5 8 7 3
-30.72325313 -79.39948951
5 8 6 3
-83.60247321 -16.55232310
7 1 8 3
1.63465433 -85.33138129
4 5 3 1
1.78003904 85.70443672
7 8 6 1
-75.07552212 -41.49322736
7 1 9 3
72.57883079 -44.55796228
3 5 6 2
-83.60788092 -16.45708160
7 8 9 1
56.49416401 -64.27834600
8 3 4 4
-31.09511463 79.34180527
5 9 8 4
27.11839254 -80.64736528
6 1 5 4
-83.89892185 16.62126460
6 8 5 2
-83.50243596 16.82540309
6 8 7 2
-31.19604423 -79.07107105
2 5 1 3
84.30308588 13.01252595
2 6 3 4
27.66389460 80.99182080
6 9 1 3
84.04815176 -12.68565901
3 6 4 3
-30.93047196 79.73786840
5 7 8 2
2.41480722 -85.04248201
1 3 2 2
56.26642269 64.54931694
5 8 4 3
-52.71867554 66.69341062
5 8 7 3
-30.73036515 -79.35232784
7 9 8 2
1.87754502 -85.38819783
3 6 4 3
-30.75655631 79.64234560
5 9 6 4
-83.95862273 -16.53549493
7 1 6 3
-74.60151489 -40.95192538
9 1 8 1
27.27614566 -81.18801231
5 8 6 3
-83.29051007 -17.20154476
6 7 8 1
1.82574557 -85.55576256
1 2 9 1
73.11852473 -44.62975671
4 8 9 4
56.22922325 -64.35429625
5 8 4 3
-53.54083893 66.48121134
4 8 7 4
-31.07821291 -79.33241303
1 2 3 1
27.58787854 81.33362371
6 9 8 3
26.92339182 -80.64910577
5 6 4 1
-53.59538256 66.88936851
5 7 8 2
2.27125915 -84.98181174
5 7 6 2
-74.92302168 -40.83959565
9 2 8 2
27.14421406 -80.61760452
2 4 3 2
1.61032782 85.01093014
3 6 4 3
-30.95833923 79.34502986
9 2 3 2
26.81272841 80.71662075
1 4 3 3
2.09502509 84.98782214
7 1 6 3
-74.95322773 -41.43732107
9 2 1 2
84.50604545 -13.23033880
9 1 2 1
72.96249287 44.63615816
6 1 5 4
-83.49500489 16.59298661
9 3 1 3
84.46184417 -12.93691642
7 9 8 2
1.92942310 -85.29293910
8 1 9 2
72.59800202 -44.40316267
9 3 8 3
27.51839186 -80.69394442
7 2 6 4
-74.75667217 -40.99948673
9 2 1 2
84.28464266 -12.96081963
6 1 9 4
73.08279684 -44.08518814
9 3 8 3
26.92003227 -80.71943278
1 3 4 2
-30.69991877 79.60404885
1 3 9 2
72.53478332 -44.41454065
3 6 4 3
-30.92784767 79.53268494
4 6 3 2
2.40822245 85.10680707
6 7 5 1
-83.77383072 16.83255310
5 8 9 3
56.08486509 -64.28778881
2 6 3 4
27.01385978 80.64621907
7 2 8 4
2.36042279 -85.06021162
2 4 1 2
84.15175849 12.36918788
4 6 5 2
-83.90034581 16.40270477
5 7 4 2
-53.48421806 66.19796281
7 1 6 3
-74.72007278 -40.67124720
3 6 7 3
-52.83943309 -66.59688286
8 1 2 2
72.85113251 44.14446953
7 9 1 2
84.52755877 -13.27210480
2 4 5 2
-74.82116176 40.73068237
9 2 8 2
27.20498590 -80.71944181
3 5 2 2
56.23581770 63.74216731
8 9 1 1
84.40643172 -12.42862399
8 9 1 1
84.91996092 -13.28394635
1 3 9 2
73.23359961 -44.26020963
2 5 6 3
-83.48349083 -16.61196431
5 8 9 3
56.42977602 -64.02812955
8 2 9 3
56.29667817 -64.12891939
2 3 4 1
-30.99906809 80.13870994
6 1 5 4
-83.67796495 16.42342202
5 9 1 4
84.08577250 -13.12003630
3 4 2 1
56.73891896 63.65477146
9 1 2 1
72.49498686 44.84346059
5 8 6 3
-83.39405903 -16.70642535
1 5 6 4
-83.49975638 -16.53459253
8 1 7 2
-31.13223363 -79.43259860
8 3 7 4
-31.20718285 -79.06728001
5 8 9 3
56.16944821 -63.87424129
4 6 5 2
-74.86116134 40.37085805
2 4 3 2
2.01836103 85.10057195
1 3 2 2
72.64102618 44.32815621
3 5 6 2
-83.44243447 -16.60842276
4 6 3 2
1.78644689 85.41474749
7 1 8 3
2.25211829 -85.18953583
1 3 4 2
-31.13577154 79.17674976
7 8 9 1
56.73295524 -63.34660287
5 7 6 2
-83.80218791 -16.55428611
5 9 4 4
-52.76892580 66.66744915
4 5 6 1
-84.21835537 -16.57247471
7 2 6 4
-74.86069203 -40.31143099
3 7 6 4
-74.61435583 -40.90842893
6 9 1 3
84.13468942 -12.93426107
9 1 8 1
27.81874655 -81.15035437
2 4 3 2
1.72004036 85.27521955
6 9 7 3
-52.99461627 -66.63303946
3 5 4 2
-31.09844415 79.26635627
7 2 1 4
84.33688326 12.67969791
7 9 6 2
-74.63190435 -40.83603860
3 6 4 3
-30.85212166 79.37254332
1 2 9 1
72.82914675 -44.50223033
6 7 8 1
1.75176716 -85.75016980
7 2 8 4
1.68472840 -85.02090193
7 9 8 2
1.97293751 -85.27210268
3 6 5 3
-83.65710035 16.72963711
6 1 5 4
-83.52507302 16.61408658
1 3 2 2
72.36479121 44.59574072
6 9 8 3
27.62562244 -80.70837632
5 9 8 4
27.23456937 -80.73305354
3 6 4 3
-30.75929875 79.44245197
5 9 8 4
27.75876907 -80.92715139
4 6 5 2
-83.67379227 16.49944964
2 6 1 4
84.32621615 12.69095765
8 2 1 3
84.35191162 12.84565346
8 3 9 4
56.22689427 -64.51006143
7 1 8 3
1.73707266 -85.45616504
1 5 6 4
-83.59053753 -16.50916316
3 5 2 2
56.42516649 63.87368999
7 2 3 4
27.20676097 80.78588410
7 9 8 2
27.46225178 -80.56466935
4 8 3 4
1.58153294 85.07141464
1 3 9 2
72.60768907 -44.21500759
2 4 3 2
27.61190498 80.73381524
3 7 8 4
1.79716017 -85.44555582
5 7 6 2
-74.85778393 -40.27630504
3 6 4 3
-30.81432918 79.63618214
3 6 5 3
-83.98726450 16.51093468
5 8 6 3
-83.38384244 -16.97959791
3 6 4 3
-30.67491859 79.56586125
8 9 7 1
-30.93562479 -79.99103107
5 7 4 2
-53.15456752 66.69223283
1 3 9 2
72.72143090 -44.06905133
3 5 6 2
-83.48171242 -16.78427595
9 4 5 4
-74.84091902 40.79047266
4 7 5 3
-74.82486230 41.01110822
2 4 3 2
27.28841483 80.51712332
1 3 9 2
72.64258898 -44.16552073
3 7 8 4
1.59573813 -85.07285642
3 6 4 3
-31.25701835 79.15319942
3 7 6 4
-74.74474267 -40.73808460
2 3 4 1
-31.19993426 79.83302931
5 9 4 4
-53.61234318 66.45045480
8 9 1 1
84.83119508 -12.94263149
5 7 6 2
-83.66321383 -16.74690566
2 5 3 3
27.58331724 80.83074527
6 8 5 2
-83.40927585 16.93772240
2 4 1 2
84.04195022 13.21344287
3 5 2 2
56.22652081 64.49188285
1 5 9 4
73.03985301 -44.20545173
5 6 4 1
-53.52881589 66.91477879
4 7 3 3
1.62674197 85.11002465
4 6 7 2
-53.29185429 -66.61618474
4 7 6 3
-74.70490648 -40.89978173
1 3 4 2
-31.12838479 79.16102687
9 3 1 3
84.16882839 -12.72826317
7 1 6 3
-74.79934972 -40.84774798
4 5 3 1
2.04206884 85.52612592
3 5 6 2
-83.68595160 -16.47725699
5 8 6 3
-83.92764735 -16.49312440
1 5 2 4
72.59210372 44.42716060
9 4 5 4
-74.66998009 40.99246957
4 6 5 2
-74.75388735 40.51573384
5 8 6 3
-83.75425991 -16.42872062
7 9 1 2
84.51764262 -13.27237923
2 4 3 2
1.96541904 85.06289299
3 6 2 3
56.15231356 63.92511520
5 9 4 4
-53.34855758 66.29183554
8 2 3 3
26.92225346 80.79062562
4 8 5 4
-74.74155307 40.93993773
4 7 8 3
2.23183168 -85.14427656
2 5 6 3
-83.31882538 -17.07830241
9 3 1 3
84.12787982 -12.35060588
6 8 5 2
-83.51393869 16.95200110
6 9 1 3
84.24621580 -13.14936765
2 6 7 4
-53.37005571 -66.18624512
8 9 7 1
-31.47826978 -79.24597953
4 5 6 1
-84.18197564 -16.78940489
5 8 7 3
-31.01329725 -79.26830002
4 8 9 4
56.05374474 -64.07751675
5 8 7 3
-31.03219166 -79.52210209
6 9 7 3
-53.19714365 -66.42615082
7 8 9 1
56.68620834 -64.23478474
6 8 7 2
-52.88192683 -66.61531297
5 6 7 1
-53.04615302 -66.86298235
9 3 4 3
-31.19130598 79.25162410
6 9 8 3
27.53353895 -80.73655883
8 9 7 1
-31.09807312 -79.99330640
7 9 1 2
84.12976386 -12.17711672
5 9 8 4
26.61521071 -80.73574437
3 5 4 2
-53.36849501 66.30559914
7 8 9 1
56.50794200 -63.84492941
6 1 7 4
-53.68814737 -66.49844120
6 1 5 4
-83.92103055 16.52506693
6 9 8 3
27.42497115 -80.49595313
3 6 5 3
-83.62890960 16.70631022
2 4 3 2
27.47515850 80.48785304
5 7 4 2
-53.04491525 66.45197299
2 4 3 2
2.10138728 85.01317300
7 1 8 3
1.65945975 -85.27841665
7 8 9 1
56.34566258 -64.50926886
3 5 2 2
56.46315855 63.88516196
1 5 6 4
-83.49543114 -16.57352960
5 8 9 3
56.46543480 -63.79177113
3 6 5 3
-83.37492202 16.54754433
7 2 8 4
1.84076709 -85.04026843
4 5 3 1
1.85159950 85.56940560
8 3 4 4
-31.13642968 79.13016276
8 1 2 2
72.57628259 44.26484908
9 4 8 4
26.90412854 -80.64359271
3 4 2 1
56.36182140 64.37341433
1 4 3 3
1.59531486 84.99317092
1 4 9 3
73.21955575 -44.12701730
3 5 6 2
-83.42726211 -16.69229330
7 8 9 1
56.57438046 -64.25793461
9 4 1 4
84.17965302 -12.41292155
4 6 5 2
-83.50368935 16.85251390
6 8 5 2
-83.53770939 16.74381252
3 5 4 2
-52.99963035 66.71648225
4 6 7 2
-53.65870641 -66.43872829
1 4 2 3
73.00147425 44.29326252
2 6 3 4
26.94926302 80.70478247
5 8 4 3
-53.50543840 66.57434974
7 9 8 2
27.62909262 -80.63464561
5 7 6 2
-83.67481536 -16.80966461
3 5 4 2
-53.07934993 66.49626239
4 6 5 2
-83.87020772 16.46253382
7 9 8 2
27.16367986 -80.85018367
3 5 4 2
-30.74882612 79.64705314
7 1 6 3
-74.86027461 -41.26026828
3 5 4 2
-30.81370326 79.22825275
3 5 2 2
56.40544255 64.12576131
2 6 5 4
-83.45062877 16.87062909
1 5 2 4
72.85693129 44.29871311
2 5 4 3
-53.32057753 66.37459427
9 2 3 2
27.34405193 80.77442394
7 9 1 2
84.10210386 -12.99675298
1 3 9 2
72.63526031 -44.17428239
3 5 2 2
56.20972152 64.44604425
7 9 8 2
27.09070108 -80.69144264
9 2 3 2
27.40162462 80.80615330
6 7 8 1
2.42978729 -85.27823044
8 1 7 2
-31.35241432 -79.16752923
3 4 2 1
56.72234191 63.89491144
1 5 4 4
-52.77858852 66.71382820
7 1 9 3
72.57660419 -44.58986420
9 2 1 2
84.31100773 -12.97297105
4 7 6 3
-74.80880881 -41.29930788
1 4 9 3
72.34852791 -44.65408333
1 3 2 2
72.87579524 43.96006332
2 3 1 1
84.21693678 12.17088447
2 4 3 2
26.91401440 80.74545789
6 8 5 2
-83.79497778 16.45253968
2 3 4 1
-31.54148945 79.02744511
1 3 2 2
72.88478752 44.11426692
1 3 9 2
72.80513798 -44.20064599
8 2 3 3
27.51232503 80.77458838
1 3 2 2
72.66041333 44.23720042
2 6 7 4
-53.48094687 -66.35306413
6 1 5 4
-83.38278388 16.80362053
2 6 3 4
27.18736547 80.77219031
5 7 6 2
-83.76013728 -16.76313728
6 8 7 2
-31.37905502 -79.02776843
8 2 7 3
-31.01323537 -79.46479835
1 3 9 2
73.09282557 -44.11710508
9 3 1 3
84.36178131 -13.21240967
8 1 9 2
56.19578419 -64.34231724
2 5 3 3
27.14186126 80.80062084
4 5 3 1
1.73144625 85.79098055
5 7 6 2
-83.36918326 -16.85900146
6 8 7 2
-31.16684678 -79.26703564
9 4 5 4
-74.63000185 40.73681761
2 4 3 2
27.01388125 80.69286048
7 8 9 1
56.70387278 -63.51800397
6 1 9 4
72.96667537 -44.13238757
1 5 4 4
-52.75639181 66.69467073
2 6 3 4
27.69076214 80.72176307
3 4 2 1
56.62178539 64.04207327
1 5 6 4
-83.77708808 -16.45019549
8 1 9 2
56.27672533 -64.27928621
2 5 4 3
-53.24649953 66.62650555
1 2 3 1
26.82738571 80.91722035
7 2 6 4
-74.75187737 -41.12203933
7 2 6 4
-74.46876458 -41.06414700
8 3 7 4
-30.68020627 -79.43038974
2 4 5 2
-74.70124089 41.27266062
6 9 7 3
-52.97917208 -66.49506828
2 4 1 2
84.06620966 12.77612560
4 5 3 1
2.46342900 85.27226505
1 4 3 3
2.22719026 84.97836820
4 5 3 1
2.17383701 85.46778992
5 8 7 3
-30.83000879 -79.65485103
2 6 3 4
27.58617280 80.63783745
5 7 6 2
-83.57462630 -16.62012675
1 3 2 2
56.54562437 63.46364018
3 4 2 1
56.66194014 63.98649619
6 8 5 2
-83.76088658 16.56881187
9 2 1 2
84.08774382 -12.92803026
8 2 9 3
56.57455312 -63.54272118
6 1 7 4
-53.24012281 -66.56297586
9 2 1 2
84.12785928 13.10142223
5 6 7 1
-53.91694803 -66.89553313
2 4 3 2
27.36678586 80.54198459
5 9 6 4
-83.46888494 -16.42013124
1 3 2 2
72.65259748 44.51061016
1 2 9 1
73.23084258 -44.46178180
7 2 8 4
1.79923275 -85.36139305
2 3 1 1
84.74417546 12.79709300
2 6 5 4
-83.90711916 16.50812747
9 1 2 1
73.19054810 44.36840356
9 3 8 3
27.30382042 -80.59962258
8 2 9 3
56.40555566 -63.71273888
6 1 5 4
-83.54708978 16.88064463
1 3 2 2
56.29036859 64.23123039
8 2 7 3
-30.69100573 -79.27654166
2 4 3 2
27.47305125 80.64341326
9 4 5 4
-74.82247050 40.41209472
8 3 9 4
56.31484751 -64.35390252
2 3 4 1
-31.38926786 79.22608587
4 7 3 3
2.25844251 85.15124906
6 7 8 1
1.79001245 -85.90622405
8 3 9 4
56.36850903 -64.10753069
5 9 4 4
-53.64063700 66.58045974
8 9 7 1
-31.47698098 -79.14491504
8 2 9 3
56.28437023 -64.27970953
6 1 5 4
-83.45874376 16.45337856
5 7 6 2
-83.67722427 -16.59351046
6 9 7 3
-53.02875328 -66.70624671
3 4 5 1
-75.03708728 40.86401184
4 8 7 4
-30.88146451 -79.22616398
8 3 7 4
-30.91750595 -79.69616497
4 7 5 3
-74.72974464 41.10032361
9 2 1 2
84.16831576 12.39704929
4 8 5 4
-74.61677223 41.13750510
4 8 3 4
2.30001855 85.14041207
9 3 8 3
27.58957420 -80.60671515
3 7 4 4
-30.63477968 79.32528155
1 5 9 4
72.90070070 -44.33885865
4 7 3 3
2.03586666 85.30800410
7 9 8 2
1.79512041 -85.37122750
8 3 9 4
56.34822400 -64.24551990
4 7 3 3
1.64400794 85.05931049
9 1 8 1
27.36352065 -81.03979214
6 9 8 3
27.47449242 -80.89785091
2 3 1 1
84.50101310 12.96246678
5 9 4 4
-53.11413434 66.39761902
8 2 9 3
55.88881715 -64.07111070
1 5 4 4
-52.95021789 66.68274622
7 1 8 3
2.11680250 -85.07693844
3 5 4 2
-30.97693955 79.52542122
5 9 4 4
-53.63930990 66.57804087
4 5 6 1
-83.83565910 -16.84518711
1 4 3 3
1.60484533 85.25855524
6 1 2 4
72.69962873 44.22530048
5 8 6 3
-83.36017560 -16.89026908
3 7 6 4
-74.71830354 -40.83800193
6 8 7 2
-30.92698936 -79.51436586
3 6 2 3
56.30167836 63.89342898
3 5 4 2
-53.22931210 66.32147291
5 8 4 3
-53.76121761 66.58317874
5 8 6 3
-83.62204643 -16.88465904
2 4 3 2
27.60058064 80.65901785
6 1 5 4
-83.70414449 16.73833607
2 3 4 1
-31.21835967 79.45024797
3 7 2 4
56.45715359 63.88393526
2 5 4 3
-53.26912888 66.64942011
4 6 3 2
1.70862168 85.44659584
2 3 4 1
-31.40491814 79.45632719
9 1 2 1
72.24677530 44.82852436
5 7 6 2
-83.44278348 -17.05795701
1 2 3 1
26.87044973 80.90792626
2 4 3 2
27.42462113 80.52962297
5 7 6 2
-74.73874992 -40.61906808
6 9 5 3
-83.61782695 16.82188941
6 8 9 2
56.32840442 -63.71458579
4 7 8 3
1.67071229 -85.50363664
9 2 1 2
84.08508961 13.08624655
9 2 8 2
27.27972134 -80.72336511
3 4 5 1
-75.20103737 41.00557365
6 7 5 1
-83.18447808 17.48735244
7 1 6 3
-74.90341605 -40.67989011
4 8 3 4
1.68328413 85.29224979
1 4 9 3
72.82085670 -44.16797243
1 2 9 1
72.60208645 -44.79593734
6 8 7 2
-53.65045520 -66.41597823
8 2 3 3
27.41870043 80.73480282
6 1 5 4
-83.69436618 16.51856414
8 1 7 2
-30.93011488 -79.60074356
4 7 6 3
-74.59705260 -41.19297204
5 7 6 2
-74.51960979 -41.15875790
6 7 5 1
-83.72600477 17.12911237
9 4 3 4
2.00003660 85.33824706
4 6 5 2
-74.73279166 40.60893499
8 9 1 1
84.50878099 -12.68415891
2 6 7 4
-53.23583883 -66.53322083
6 8 7 2
-53.48720727 -66.56482724
6 8 5 2
-83.86726798 16.43532298
4 6 5 2
-74.73282314 40.97207136
7 8 9 1
56.56365889 -64.17315487
5 8 9 3
56.25205242 -64.16939705
3 7 4 4
-30.83266818 79.61701388
3 5 4 2
-53.20756750 66.30790273
3 6 5 3
-83.71032512 16.37287435
2 3 4 1
-31.74952369 78.85568262
5 9 4 4
-53.30306193 66.45515963
7 1 9 3
72.91557377 -43.97632183
1 4 2 3
72.39553158 44.65321545
6 1 7 4
-53.17274309 -66.44450996
3 6 2 3
56.42389974 63.70494092
1 4 2 3
72.82773497 44.20123361
4 5 6 1
-83.31402781 -17.29812760
3 6 5 3
-83.77035180 16.61057072
1 5 6 4
-83.81756595 -16.62928517
4 8 7 4
-31.07677559 -79.22149711
9 3 4 3
-30.89994295 79.62834989
8 9 1 1
84.44494893 -12.68778137
1 2 9 1
73.18098920 -44.36130878
5 8 4 3
-53.49173364 66.48728641
5 9 6 4
-83.40866350 -17.14152397
5 8 6 3
-83.66970476 -16.51393315
6 1 9 4
72.59427897 -44.46488753
7 1 2 3
72.97448076 44.01765262
3 5 2 2
56.08197529 64.14124915
7 1 9 3
72.29797121 -44.74724344
1 3 4 2
-31.02647999 79.35174573
2 5 3 3
27.26178666 80.70248352
2 5 1 3
84.33434070 12.91983344
1 3 2 2
56.30168770 63.77857479
9 2 8 2
27.55226330 -80.48813096
2 6 7 4
-52.96064245 -66.65570205
7 1 9 3
72.50744635 -44.41490139
7 2 6 4
-74.83001915 -40.85937453
8 2 9 3
56.23468456 -64.39459617
9 2 1 2
84.29796893 -12.87978785
9 3 4 3
-31.02782693 79.27743686
1 4 9 3
72.36959340 -44.64597514
7 8 9 1
56.71042343 -64.01627015
5 7 6 2
-83.61578786 -16.83910088
9 3 1 3
84.49274608 -13.20690409
2 6 3 4
26.99768236 80.75598819
3 6 2 3
56.34353188 63.89716748
5 7 4 2
-52.71486576 66.77126799
7 9 8 2
26.93902996 -80.73906036
8 1 7 2
-30.64031570 -79.54171613
6 9 5 3
-83.39237265 16.74113419
1 3 2 2
56.08227734 63.91037228
8 2 9 3
56.25159002 -63.92226064
4 7 3 3
1.81672228 85.44800667
5 7 6 2
-83.76894125 -16.72387576
7 2 6 4
-74.86602752 -41.10812994
8 2 3 3
27.14387587 80.84403930
2 4 1 2
84.43930110 13.25241351
3 6 2 3
56.29469620 63.99649930
4 5 3 1
2.29606081 85.34750095
4 7 3 3
2.27001245 85.15482511
8 9 7 1
-31.62281476 -79.04544730
2 6 5 4
-83.36710401 16.96471948
7 2 8 4
1.81039701 -85.02410027
4 7 5 3
-74.89835515 40.37867150
368 632 616 625
4.70476
