3 5 4 2
-30.91105488 79.30802999
2 4 3 2
1.61342710 85.10342300
9 3 4 3
-30.89074930 79.21933561
6 9 5 3
-83.55178009 16.65078225
2 5 6 3
-83.39561491 -16.54034802
7 8 9 1
56.72485055 -63.48192572
1 5 6 4
-83.43390631 -16.74804203
8 2 1 3
84.58645626 13.25864268
1 3 2 2
56.13785755 64.17966933
2 5 4 3
-53.59417000 66.63742460
3 4 2 1
56.44766433 64.11071407
7 9 6 2
-74.77413697 -40.50418982
3 6 4 3
-31.50398153 78.97528603
3 5 2 2
56.08179848 64.04145916
8 1 7 2
-30.88636457 -79.66434951
8 2 7 3
-31.25468745 -79.20610043
5 9 4 4
-53.32697341 66.49664958
3 5 4 2
-53.39150050 66.17220027
2 6 3 4
27.43731262 80.90777446
2 4 3 2
27.04040470 80.69004652
2 6 7 4
-53.13321389 -66.50686586
1 4 9 3
72.86791680 -44.34995803
6 9 1 3
84.27931349 -12.74415629
9 4 1 4
84.35080733 -12.80204785
7 8 6 1
-75.11169156 -41.13669345
1 2 9 1
72.84337862 -44.71448849
3 7 2 4
56.49994288 63.60928040
9 2 8 2
27.21888749 -80.53754590
5 8 7 3
-30.65173913 -79.52816257
5 6 4 1
-53.80779912 66.74184735
6 9 5 3
-83.60773571 16.59142350
2 5 6 3
-83.93773894 -16.57981821
3 4 2 1
56.70918959 63.82824372
7 2 3 4
27.05365644 80.74367954
7 2 3 4
27.57919984 80.52244226
8 1 7 2
-30.60212801 -79.40720048
5 6 7 1
-54.04913698 -66.93214598
2 4 5 2
-74.43721898 41.03785591
6 1 7 4
-53.03642367 -66.71768371
4 6 7 2
-53.20296997 -66.58238584
6 9 5 3
-83.58448645 16.93932279
6 1 5 4
-83.68038937 16.74438715
5 7 6 2
-83.51012762 -16.86811036
1 3 2 2
56.23631332 63.95085448
4 6 7 2
-53.03334610 -66.60203557
9 3 4 3
-30.77609775 79.62470012
7 2 1 4
84.34059332 12.72440732
3 5 6 2
-83.61053729 -16.92254564
1 2 9 1
73.26999108 -44.38274684
9 4 8 4
26.99034450 -80.64851252
9 3 8 3
27.37340683 -80.75223348
6 1 9 4
73.10914113 -44.19259859
2 5 3 3
27.50566819 80.77001476
7 2 3 4
27.05533862 80.77331556
1 2 9 1
72.20611951 -44.89313979
2 5 1 3
84.34540507 12.81492320
5 7 6 2
-83.55034632 -16.90084056
5 7 6 2
-74.55723459 -40.84208774
2 4 5 2
-74.76226199 40.94090128
2 4 5 2
-74.57863098 40.83918305
7 2 1 4
84.03845562 12.90736025
1 3 9 2
72.54351003 -44.50597527
8 9 7 1
-31.22191836 -79.63111964
1 5 2 4
72.75694700 44.40830066
7 8 6 1
-75.32674412 -41.47335301
2 5 6 3
-83.64648392 -16.62784771
8 3 4 4
-31.39566026 79.03897221
9 2 8 2
27.06137281 -80.77807662
5 6 7 1
-53.07970907 -66.82749795
5 9 6 4
-83.57960262 -16.43676814
6 7 8 1
1.59680458 -85.97084572
7 2 8 4
1.97899963 -85.08175171
6 9 1 3
84.12348726 -12.90436743
5 7 4 2
-53.76332211 66.61333242
1 4 3 3
1.72720293 85.45129217
1 5 4 4
-53.05612749 66.58908054
8 1 7 2
-30.77185882 -79.64472108
5 9 1 4
84.31084882 -12.59410226
9 4 5 4
-74.50827660 40.96988176
1 4 3 3
1.85604562 85.44034275
7 2 8 4
1.78852453 -85.46798633
5 6 7 1
-54.06049839 -66.94097051
3 4 2 1
56.39358703 64.47086195
1 4 3 3
2.44905199 85.00719276
8 2 7 3
-30.96663521 -79.28699502
5 8 6 3
-83.43028396 -16.47305905
7 2 1 4
84.15315537 12.98255025
5 8 4 3
-52.90347243 66.66432616
1 4 2 3
72.73340108 44.35127426
9 2 1 2
84.47852368 -13.25340131
5 9 8 4
27.04981932 -80.67013053
1 3 4 2
-31.19916070 79.37549534
7 1 6 3
-74.71353187 -41.03352051
6 8 7 2
-30.68802367 -79.50878188
4 7 5 3
-74.63156560 40.95638412
4 8 3 4
2.39234677 85.04785638
5 9 6 4
-83.44734526 -17.10341419
2 6 1 4
84.28100430 13.10569290
1 4 3 3
1.80590642 85.44983763
3 6 5 3
-83.42172087 16.93432200
6 9 1 3
84.25540317 -12.74983281
5 6 7 1
-53.95150324 -66.83833651
4 6 5 2
-74.58562214 40.77102155
8 3 2 4
55.99495139 63.95943993
2 6 7 4
-53.08720323 -66.47178201
3 5 4 2
-31.08665081 79.39265125
2 6 5 4
-83.68489730 16.81715549
5 9 1 4
83.97589779 -13.19399466
5 6 4 1
-53.22942083 66.78389322
3 6 7 3
-53.23347908 -66.28366198
8 2 7 3
-30.95753468 -79.59371181
9 4 1 4
84.26213076 -12.56630247
8 1 9 2
72.55407089 -44.40076613
6 9 1 3
84.28731189 -12.80122977
2 6 7 4
-53.52342189 -66.47606144
2 5 4 3
-53.61813793 66.63619045
2 3 1 1
84.21603168 12.13180036
8 2 3 3
27.59587781 80.93465615
1 3 4 2
-30.85065301 79.20846558
6 8 5 2
-83.49838960 16.94653195
5 7 6 2
-74.94489072 -41.01686977
9 3 8 3
27.46586648 -80.44508484
7 1 2 3
72.84635758 44.29434007
8 2 9 3
56.31333967 -63.70425126
6 8 7 2
-53.29152743 -66.63531892
1 5 2 4
73.04136303 44.33960205
9 3 8 3
27.62166597 -80.66813306
3 6 2 3
56.37145184 63.74486546
3 7 8 4
2.18600970 -85.06465778
9 3 2 3
56.24178368 64.49680330
4 8 7 4
-30.83596775 -79.54553382
9 2 3 2
26.84034672 80.75948566
6 1 2 4
72.89004434 44.43990032
6 9 1 3
84.35232193 -13.10956105
1 5 6 4
-83.65094016 -16.74989668
1 4 9 3
72.43460334 -44.52618548
8 9 7 1
-31.19543855 -79.72363211
1 5 4 4
-53.20414445 66.63923414
6 9 5 3
-83.78243870 16.52063158
9 4 5 4
-74.77747153 41.00031142
1 4 2 3
72.58947586 44.42910009
1 3 2 2
56.20794119 64.12294549
7 8 6 1
-74.95591592 -40.70670261
6 1 7 4
-53.68566688 -66.52168036
8 3 4 4
-31.19199734 79.40043241
2 3 4 1
-31.46033677 79.10600373
1 4 2 3
72.63894610 44.46831099
3 6 4 3
-31.39399894 79.01529202
1 2 9 1
72.27570673 -44.84973634
9 1 8 1
27.09034487 -80.97468992
4 8 3 4
1.81040209 85.34537947
9 4 3 4
2.15541408 85.20033864
5 8 4 3
-53.05987054 66.65298810
4 8 5 4
-74.80284806 41.08851844
4 6 3 2
1.85027914 85.34266765
1 2 9 1
73.27906846 -44.49875430
9 2 3 2
26.76058537 80.73325163
3 5 2 2
56.11110779 63.98834706
8 2 3 3
27.69112986 80.92840095
1 2 9 1
72.63386879 -44.65378128
6 9 1 3
84.48646760 -13.21380844
7 1 9 3
72.89777093 -44.24153468
4 8 7 4
-30.75941804 -79.77415474
2 4 1 2
84.29436486 13.10228126
9 2 3 2
27.02558955 80.79865025
9 1 8 1
27.30281659 -81.13468231
1 5 2 4
72.69295179 44.37737972
3 6 2 3
56.07988189 63.94761800
6 9 1 3
84.29746715 -12.73141422
3 7 2 4
56.36379049 63.81960623
2 5 4 3
-53.07209991 66.41912174
5 6 4 1
-53.42926700 66.81649012
1 2 3 1
27.54905355 81.25756269
6 8 9 2
56.27390419 -64.35178163
7 2 1 4
84.27421052 12.49236432
2 6 3 4
27.26088380 80.71461614
9 4 8 4
27.66627984 -80.82075386
2 3 1 1
84.65086973 13.14240381
9 3 1 3
84.09468811 -12.88123341
4 5 6 1
-83.80263019 -16.77340464
4 7 3 3
1.73781130 85.25326126
6 7 5 1
-83.83467175 16.94855417
1 3 9 2
73.11735426 -44.20693516
7 9 1 2
84.37410886 -12.79021660
2 4 3 2
1.92530116 85.24073691
9 4 5 4
-74.53025402 40.88981061
3 5 4 2
-30.77075665 79.36827196
7 9 8 2
26.73948545 -80.74334720
4 6 5 2
-83.98374905 16.46345711
8 9 7 1
-30.92747651 -79.75732140
6 1 7 4
-53.66762946 -66.55638985
3 5 2 2
56.32028000 63.73131904
2 5 4 3
-53.23045575 66.68827912
9 2 8 2
27.69971156 -80.99834608
1 4 9 3
73.11385531 -44.17578634
1 3 2 2
73.07952611 44.18245260
6 1 9 4
72.98496577 -44.20038982
7 9 8 2
1.69525949 -85.35347183
4 8 7 4
-31.38849641 -79.11218271
6 1 5 4
-83.62495899 16.52775167
6 1 5 4
-83.52472185 16.87819106
8 2 9 3
56.28317110 -63.71747211
5 8 4 3
-53.64654737 66.60370511
6 9 8 3
27.51113080 -80.76067308
1 5 2 4
72.97483776 44.26252551
4 7 8 3
2.42504674 -85.09155934
4 7 5 3
-74.67338600 41.21444285
2 5 6 3
-83.63895179 -16.42220502
9 2 3 2
27.49889904 80.75358261
9 1 2 1
72.25543329 44.86599986
2 4 3 2
2.03692220 85.00250664
2 5 3 3
27.27790053 80.64060143
2 5 6 3
-83.52644859 -16.78238759
3 4 5 1
-75.11431968 40.95494757
9 3 4 3
-30.93438027 79.25484151
9 2 1 2
84.41724152 -13.12125779
3 4 2 1
56.61977404 64.17384988
9 2 3 2
27.05529588 80.70989369
5 7 6 2
-74.89094679 -40.88608921
9 3 8 3
27.73150938 -80.94536192
9 1 8 1
27.90108955 -81.46907658
6 8 7 2
-30.93912074 -79.48189902
5 9 4 4
-52.95127120 66.52487588
7 1 2 3
72.65713574 44.22337485
2 4 1 2
84.10832674 13.00992225
3 7 6 4
-74.73116631 -41.00435738
5 7 8 2
1.74053236 -85.01516790
7 1 2 3
73.33753672 44.20248030
7 1 8 3
1.78484266 -85.48440785
9 3 4 3
-31.50999397 78.97300019
1 3 2 2
72.61111929 44.44615923
9 4 5 4
-74.78165372 41.18977698
1 5 9 4
72.48041425 -44.52200450
7 8 9 1
56.61050127 -64.75660429
7 9 8 2
2.29077643 -85.09912931
2 4 5 2
-74.89174098 40.29282717
6 9 1 3
84.13010054 -12.53556965
3 5 6 2
-83.74162538 -16.68150293
2 6 3 4
27.32548691 80.50067431
3 7 6 4
-74.83634745 -41.25710405
6 1 9 4
72.88261668 -43.93845140
3 7 4 4
-31.03462294 79.48664045
3 7 2 4
56.01403116 64.21271509
5 6 7 1
-53.41497227 -66.97312589
2 4 5 2
-74.95651342 41.32890428
2 5 6 3
-83.51633485 -16.56245010
2 6 7 4
-52.88577210 -66.58122119
8 2 9 3
56.26681471 -64.29813958
3 4 5 1
-75.00279311 40.67151303
3 4 2 1
56.36738692 64.43120658
6 9 1 3
84.30638603 -12.63394224
7 1 6 3
-74.70656664 -40.83925123
1 4 9 3
73.12022927 -44.23862755
8 3 7 4
-30.76111223 -79.34576992
2 6 7 4
-53.08246208 -66.47560783
1 3 9 2
72.84035871 -44.19637675
7 2 8 4
1.60397205 -85.08768086
5 9 8 4
27.39476293 -80.71010314
2 5 4 3
-53.28509067 66.40753669
2 5 6 3
-83.51122090 -16.91237671
7 1 2 3
72.89089479 44.03697138
5 6 4 1
-52.77143028 66.93205911
7 1 9 3
72.72149215 -44.14003263
7 2 1 4
84.23087822 12.75378816
1 3 9 2
73.05704446 -44.02012056
3 5 6 2
-83.46649768 -16.65169545
7 9 1 2
84.55390813 -13.23531966
6 9 5 3
-83.84586749 16.52546892
1 4 2 3
73.12009993 44.16671950
4 7 3 3
2.10929057 85.12495735
8 2 9 3
56.29139662 -63.91682154
7 9 8 2
27.58125893 -80.52228961
8 9 7 1
-31.00740919 -79.81985440
1 3 9 2
72.76859695 -44.17308746
1 3 2 2
72.41853951 44.54943917
6 1 7 4
-53.12309008 -66.44044056
3 7 6 4
-74.91287077 -40.87392182
4 7 3 3
1.99017174 85.18821206
7 2 8 4
2.08274147 -85.13980896
6 9 1 3
84.18303324 -13.20346388
1 3 2 2
56.12889755 63.83889345
7 9 8 2
26.85864097 -80.64858334
7 2 3 4
27.19654195 80.56234006
9 1 8 1
27.53988737 -81.11926864
9 1 2 1
72.93411115 44.49094163
1 2 9 1
73.41803830 -44.24613843
4 7 5 3
-74.63151055 40.75004207
9 2 8 2
27.01836124 -80.77753299
9 4 8 4
27.57649027 -80.85144796
9 4 8 4
27.10092020 -80.62738431
5 9 4 4
-53.38855421 66.57428172
3 6 4 3
-30.97497690 79.51876018
2 6 3 4
27.67853810 80.98975499
2 5 4 3
-53.02054267 66.64012941
8 2 7 3
-30.62370179 -79.30004341
2 5 4 3
-53.31899479 66.65286573
8 3 9 4
56.02265148 -64.14690455
4 7 3 3
1.87263612 85.07153985
9 3 4 3
-30.88400256 79.29050052
6 7 5 1
-84.47665567 16.59465684
6 1 7 4
-53.42609324 -66.18855608
4 8 9 4
55.98134063 -64.12703194
8 1 2 2
73.03862200 44.01880270
9 3 4 3
-31.08457432 79.31868857
4 7 5 3
-74.77637376 40.82995410
8 2 3 3
27.37083655 80.87571185
4 8 3 4
2.27736619 85.12969812
2 4 3 2
27.51113971 80.72032626
1 3 2 2
72.83023164 44.36755205
9 1 8 1
26.50024569 -80.81195388
2 4 5 2
-74.84251816 40.82674864
6 8 7 2
-31.31183067 -79.02794907
4 8 9 4
56.39034146 -63.98559441
9 4 8 4
27.49286645 -80.59968422
3 5 4 2
-30.59029730 79.35367026
4 6 5 2
-83.89278425 16.50554180
6 8 7 2
-53.05015028 -66.58305419
5 7 6 2
-74.66816978 -41.24101331
5 7 6 2
-83.41594593 -17.11335812
3 6 5 3
-83.65656436 16.64460312
1 3 2 2
72.77624414 44.42316565
8 9 7 1
-31.21215145 -79.64944060
6 9 8 3
27.72996886 -80.98538817
5 7 4 2
-53.26015023 66.41906320
2 4 3 2
2.10787365 85.23008601
4 8 3 4
2.54741893 84.98718556
8 3 2 4
56.39548284 63.81674657
2 4 1 2
84.44939590 13.08416693
7 9 8 2
27.55571259 -80.69844201
2 5 6 3
-83.42646270 -16.51342582
5 8 6 3
-83.65673129 -16.46980398
9 3 8 3
27.75245582 -80.93592811
2 6 7 4
-52.74810306 -66.70999590
5 9 8 4
27.71732552 -80.98232962
3 7 4 4
-30.82006596 79.27043938
6 8 7 2
-53.13109503 -66.58877870
4 6 7 2
-53.17491907 -66.31944192
2 3 1 1
84.58152282 12.98797018
9 3 2 3
56.09782507 64.29838974
1 3 2 2
73.23385879 44.26427990
9 4 1 4
84.13452462 -13.18239034
1 3 4 2
-30.76385334 79.58915688
8 1 9 2
56.14012998 -64.35611787
5 8 9 3
56.09321606 -64.10969088
3 6 7 3
-53.57596052 -66.58208445
1 4 2 3
72.80818804 43.94274339
2 4 1 2
84.39979410 13.15403882
6 1 9 4
72.93047584 -44.27607679
8 3 9 4
56.25948562 -64.49208983
7 1 8 3
1.72787024 -85.24413485
4 5 6 1
-84.14544183 -16.81938738
8 1 2 2
72.83404454 43.87135587
1 5 2 4
72.34971044 44.62742180
4 7 5 3
-74.43104201 41.12629852
4 8 5 4
-74.78075277 40.82054309
7 9 8 2
2.47437288 -84.98559836
5 7 4 2
-53.23631082 66.46462369
8 1 9 2
72.80327772 -44.33713011
5 9 1 4
84.24902858 -13.10280133
8 3 4 4
-30.94834929 79.69298771
5 8 4 3
-53.49621680 66.61887183
1 3 9 2
73.19663772 -44.17644207
7 1 6 3
-74.74592077 -41.27115238
9 3 4 3
-30.72600867 79.70709259
6 9 7 3
-53.74368935 -66.62365944
9 3 1 3
84.14168849 -13.19819408
2 3 1 1
84.58932805 13.14390474
2 3 4 1
-30.90820028 80.21028387
5 9 6 4
-83.49861324 -16.58191658
8 3 7 4
-31.04729182 -79.50455140
3 7 4 4
-30.98886184 79.23681054
8 9 7 1
-31.26644272 -79.44446338
4 6 5 2
-83.37422528 16.64845345
1 3 2 2
72.57395825 44.36111939
4 6 5 2
-74.77714194 40.75493175
6 8 7 2
-52.88007334 -66.58138658
7 8 6 1
-75.02320121 -40.21877409
7 1 9 3
72.53197466 -44.52407518
8 2 3 3
27.70581407 80.93763968
5 9 1 4
84.29038728 -13.21129653
3 5 4 2
-53.08858207 66.70844287
7 2 1 4
84.07610400 12.85179864
6 8 9 2
56.16775228 -63.86789183
5 8 7 3
-31.07209666 -79.56254621
2 3 4 1
-31.04647052 80.00495551
6 9 1 3
84.31666709 -12.67583243
4 5 3 1
2.06432413 85.42721430
4 7 6 3
-74.73733914 -41.01425909
3 6 7 3
-53.30564343 -66.67392332
2 3 1 1
84.82293123 13.09972684
1 5 4 4
-52.77679293 66.75109375
4 8 7 4
-31.42328667 -79.01920809
3 4 5 1
-75.18270096 41.47477542
1 5 4 4
-53.62241915 66.42617005
5 9 1 4
84.30188567 -12.99863000
3 7 2 4
56.37639999 64.21128444
3 4 2 1
56.44319467 64.43216473
8 3 7 4
-31.51309729 -78.94605472
3 7 8 4
2.37326498 -84.98442177
9 3 4 3
-31.02406523 79.21095353
6 8 9 2
56.02316878 -64.25904495
5 6 7 1
-53.34854243 -66.70610933
6 8 5 2
-83.76739581 16.38748856
9 3 8 3
27.43653421 -80.64817638
9 4 3 4
1.92402154 85.14275250
1 5 2 4
72.63405852 44.18946609
7 8 6 1
-74.99039149 -40.07055138
3 5 2 2
55.93455870 64.12386401
5 9 8 4
27.26994769 -80.82157077
3 6 5 3
-83.65584942 16.56071665
5 9 6 4
-83.37187220 -16.78124569
7 1 2 3
72.81663536 43.89562993
7 2 6 4
-74.61948136 -40.94013606
6 7 8 1
2.15724048 -85.39027231
7 9 8 2
26.86129512 -80.73551101
2 3 4 1
-30.98705451 80.10950847
4 5 6 1
-83.78777045 -17.07080216
8 3 4 4
-31.05688741 79.32855649
3 5 2 2
56.16083573 64.33929420
3 6 2 3
56.10604554 63.85895453
5 7 6 2
-74.92449316 -41.25218083
8 1 9 2
72.95298703 -44.36314284
3 7 4 4
-30.98261754 79.52201506
7 8 6 1
-75.05407007 -41.44299937
9 4 3 4
1.84769409 85.10412661
5 8 4 3
-53.26794393 66.36397621
8 2 1 3
84.31122973 12.62957097
2 4 5 2
-74.81544943 41.27079996
5 9 8 4
26.76773669 -80.70664691
2 4 5 2
-74.88537141 41.19560503
1 3 2 2
56.15422841 64.44334743
1 4 2 3
73.18494457 44.10882406
3 5 6 2
-83.47540904 -16.66427547
4 6 5 2
-83.40722773 17.03947858
8 1 7 2
-31.02452964 -79.56275065
9 4 8 4
27.26568195 -80.54345588
8 1 7 2
-30.77543810 -79.26730622
9 4 8 4
27.56576114 -80.44661838
6 9 1 3
84.13633332 -12.48806100
6 8 5 2
-83.73545142 16.38388184
4 8 7 4
-30.61672009 -79.38540353
8 3 9 4
56.12950066 -64.10062637
6 7 8 1
2.56311369 -85.08553280
4 6 7 2
-52.68055861 -66.71296278
1 4 5 3
-74.57190276 40.82719324
2 4 3 2
1.68020192 85.51275823
8 9 7 1
-31.12389618 -79.67654227
9 3 8 3
27.77232451 -81.00324367
3 4 2 1
56.57876928 64.74735586
5 7 4 2
-53.58625553 66.55402761
2 3 1 1
84.87281667 13.00805417
8 2 3 3
27.59970902 80.78191026
1 3 2 2
56.20916675 64.27198346
2 6 1 4
84.50971480 13.07211268
6 1 7 4
-53.36568457 -66.43252541
3 5 4 2
-53.22984419 66.52199187
9 4 1 4
84.19063956 -12.52290309
5 6 4 1
-53.02975637 66.73974642
1 3 9 2
73.24555190 -44.16517667
5 9 6 4
-83.54254663 -16.93837117
2 4 3 2
26.68714318 80.72157382
9 2 3 2
27.44493382 80.49328490
8 9 1 1
84.34501979 -12.57736223
1 2 9 1
72.41138565 -44.76055669
6 8 7 2
-53.47736907 -66.53245791
5 7 8 2
1.64383494 -85.55595305
4 6 5 2
-83.58134118 16.40572331
1 5 9 4
72.38598111 -44.66650626
2 5 4 3
-53.32884550 66.38964110
4 6 7 2
-53.11185792 -66.57449666
7 9 8 2
1.76113936 -85.41723405
5 8 4 3
-53.06926959 66.44951470
7 8 9 1
56.61942663 -63.97355761
4 7 3 3
1.98625961 85.35484191
9 4 8 4
27.66306292 -80.98201245
5 6 4 1
-53.89358778 66.97247476
6 1 7 4
-52.89155744 -66.64447003
1 5 6 4
-83.41584565 -16.40831127
2 6 5 4
-83.46851585 16.43100293
3 5 6 2
-83.61812343 -16.92622406
5 8 9 3
56.01043945 -64.02114967
4 7 6 3
-74.87045178 -40.46171166
7 9 8 2
27.33984789 -80.89170594
3 5 2 2
56.42314580 64.00942156
1 4 9 3
72.64166236 -44.50762263
8 1 9 2
56.26612817 -63.86446991
3 7 4 4
-31.09102480 79.17429071
6 7 5 1
-84.21088901 16.61890612
4 7 3 3
1.83818803 85.48543924
7 2 8 4
1.75017059 -85.14399422
1 5 4 4
-53.31721158 66.36747293
9 4 8 4
27.24234111 -80.75669073
7 9 1 2
84.11804322 -12.22470145
4 7 8 3
1.69064939 -85.26261662
7 1 2 3
72.83376101 44.17491571
7 2 3 4
27.49985013 80.58302408
7 9 8 2
2.16632255 -84.99174907
3 6 4 3
-30.94611607 79.67353614
6 1 2 4
73.23709594 44.14644577
4 6 7 2
-53.35934104 -66.41112341
5 7 6 2
-83.70300011 -16.50086908
3 6 4 3
-31.31942267 79.09280361
4 5 6 1
-83.83478415 -16.72854051
8 1 2 2
72.83713375 44.01630671
3 6 2 3
56.51288437 63.72372436
4 8 3 4
2.03314540 85.36132180
6 1 2 4
72.53812940 44.37567906
3 5 2 2
56.19916295 64.41132455
3 4 2 1
56.68916654 63.38767273
4 7 8 3
2.17302465 -85.27017169
7 1 9 3
73.05876314 -44.30250958
9 4 8 4
26.89010027 -80.78208389
5 9 1 4
84.24535869 -12.57292873
2 5 6 3
-83.58455590 -16.43570668
9 2 3 2
27.01725398 80.73423683
3 4 2 1
56.64624912 63.60288386
1 3 4 2
-30.65857145 79.47466766
3 6 2 3
56.27922277 63.79672162
6 1 5 4
-83.56135006 16.79917795
1 5 6 4
-83.48619286 -16.84356894
8 1 2 2
72.94582784 43.97835201
9 3 8 3
27.51148803 -80.66206950
7 1 2 3
72.94550068 44.06287672
4 5 3 1
2.17037011 85.52414551
5 7 6 2
-83.30298495 -17.22105333
3 5 6 2
-83.90569717 -16.41525856
9 1 8 1
26.94044369 -80.98176980
3 6 4 3
-30.98794546 79.55639308
7 8 6 1
-75.05330005 -41.40316085
7 1 2 3
72.46562414 44.61531563
7 1 2 3
72.64853500 44.48109304
9 3 4 3
-30.85863191 79.52773826
2 3 4 1
-31.24851520 79.79358380
3 6 2 3
55.94619455 64.16466426
3 5 2 2
56.12063620 64.26315618
5 8 9 3
56.28612196 -64.28519491
3 7 8 4
2.25705943 -85.11950770
2 4 3 2
1.79285781 85.38556916
6 8 7 2
-30.71102055 -79.56231672
9 4 8 4
27.56432342 -80.65866627
2 5 4 3
-53.16601246 66.35744110
7 9 8 2
1.84208361 -85.39382118
1 2 9 1
73.11789592 -44.44413026
1 2 9 1
73.15158353 -44.65180788
7 9 8 2
27.17986838 -80.65884466
4 7 5 3
-74.69057110 41.03284703
9 1 2 1
73.15831287 44.59985594
6 1 7 4
-53.42105268 -66.23113920
7 1 2 3
72.95634830 43.94983557
4 7 6 3
-74.85057402 -40.84039044
1 4 2 3
72.38109246 44.58964175
6 9 8 3
27.34846665 -80.49412385
4 6 5 2
-74.80351276 40.44073708
2 6 3 4
26.85293722 80.77341004
8 3 9 4
56.23362882 -64.13151439
4 8 3 4
1.69555106 85.12154405
5 8 6 3
-83.86474069 -16.43141949
8 9 1 1
84.54533977 -12.87982437
2 6 7 4
-52.88500173 -66.56696740
3 7 4 4
-30.78730022 79.57038839
5 9 8 4
26.63662380 -80.73053326
8 1 2 2
72.65574868 44.44705992
5 9 6 4
-83.82582531 -16.63566762
3 5 2 2
56.30060681 64.32823921
8 2 3 3
27.34708705 80.67677486
2 3 4 1
-31.37038334 79.24021251
6 1 2 4
72.70586430 44.07090555
9 1 8 1
27.32150193 -81.21205736
6 9 7 3
-53.12986776 -66.62229152
9 1 8 1
27.84933114 -81.17721016
4 7 5 3
-74.62160018 40.97914216
7 1 6 3
-74.72816033 -40.63000578
9 1 2 1
72.72590542 44.68589293
3 7 6 4
-74.62345310 -41.02107100
3 4 5 1
-75.23490737 41.18688095
7 9 1 2
84.26168514 -12.89527130
2 6 5 4
-83.44316634 16.58727544
6 8 9 2
56.21123683 -64.15252521
1 2 9 1
72.72692212 -44.70298555
1 3 2 2
56.38479098 64.22020238
4 7 5 3
-74.74129895 40.80324100
5 8 4 3
-53.54911890 66.59854173
9 3 4 3
-30.93947013 79.36436128
5 8 6 3
-83.58991679 -16.93745608
8 3 9 4
56.27060545 -63.72741619
2 6 3 4
27.45739125 80.80145500
1 5 6 4
-83.90218891 -16.45944019
5 9 8 4
27.27834617 -80.62115702
5 7 6 2
-83.54464286 -16.62920506
6 7 8 1
2.61453110 -85.14024522
3 5 2 2
56.03069710 64.26626023
6 1 2 4
73.20997646 44.18456878
1 4 2 3
72.90292787 44.40794476
2 3 1 1
84.44339513 12.46038762
9 2 3 2
26.85484793 80.78282896
3 5 4 2
-53.19819749 66.59794865
3 7 6 4
-74.83637830 -40.46647369
2 5 4 3
-52.85502278 66.67039601
2 5 3 3
27.54334852 80.49331576
6 7 5 1
-84.04637154 16.61780002
4 5 3 1
1.69758229 85.94605262
3 5 6 2
-83.72480023 -16.55989817
4 7 3 3
2.02844138 85.10095380
6 7 5 1
-84.21889325 16.54887887
4 6 5 2
-74.77676007 40.97709848
8 1 9 2
72.81854980 -43.99931887
4 7 8 3
1.92331246 -85.11576075
7 2 3 4
27.30666204 80.57801747
1 2 9 1
72.89589907 -44.51794245
9 3 1 3
84.06543285 -12.58582260
6 9 5 3
-83.65244514 16.88353580
6 8 5 2
-83.52621498 16.95375263
1 4 3 3
2.14411130 85.11346388
6 1 5 4
-83.39385912 16.62957561
6 9 7 3
-53.21272518 -66.53252910
2 4 3 2
1.62334201 85.06038288
6 8 7 2
-53.48901718 -66.66339893
6 8 9 2
56.08128023 -63.91121847
4 6 5 2
-74.82888013 41.15396344
1 3 9 2
72.82599184 -44.44418533
1 2 9 1
73.34819778 -44.37342167
7 2 6 4
-74.58009860 -41.08209479
2 4 3 2
1.77335389 85.24082399
1 2 9 1
72.47625384 -44.70919927
6 1 7 4
-53.67431888 -66.45780018
1 5 4 4
-53.18287448 66.35337070
8 2 3 3
27.58338517 80.86403289
3 6 2 3
56.18520756 64.27323407
5 8 4 3
-53.27218783 66.45121584
4 8 9 4
56.06801723 -63.94443004
4 8 7 4
-30.97715846 -79.22071862
2 4 3 2
27.40141654 80.52049434
7 2 1 4
84.21358415 12.80470744
4 6 5 2
-74.62579229 41.15816957
5 7 8 2
1.75273887 -85.43122754
5 8 6 3
-83.33279194 -16.85934945
4 8 9 4
56.11031519 -64.13146849
3 6 5 3
-83.59390596 16.51780812
4 6 5 2
-83.61224918 16.34805366
1 4 5 3
-74.83280959 40.85192751
3 6 4 3
-31.19830882 79.14817358
9 4 3 4
1.65730079 85.44893184
8 3 7 4
-31.18529654 -79.24911189
1 3 4 2
-31.05027126 79.45888496
2 6 7 4
-53.60811185 -66.41774557
3 7 6 4
-74.92499369 -40.85965596
8 1 9 2
72.91220863 -44.09633083
3 6 7 3
-53.18087478 -66.47712914
6 9 5 3
-83.58527443 16.79235950
9 2 1 2
84.37040939 13.08457603
4 6 3 2
2.11289206 85.11417535
2 5 3 3
26.63425104 80.74949529
2 5 6 3
-83.40692908 -16.52281779
1 4 5 3
-74.54515610 41.00807105
7 9 6 2
-74.87748590 -40.79311273
9 2 1 2
84.39576095 13.15676067
5 7 4 2
-53.01683015 66.44775023
2 6 1 4
84.11721032 12.43385233
3 7 4 4
-30.87787056 79.68287889
8 1 2 2
72.69579686 44.21326928
3 6 4 3
-31.14439439 79.28562142
2 6 5 4
-83.33470351 16.89440161
7 9 8 2
1.72453409 -85.51099324
9 3 1 3
84.43176851 -13.13970344
2 6 5 4
-83.69273244 16.78113791
4 6 7 2
-52.97938491 -66.55345742
7 2 8 4
1.75457670 -85.29833184
5 6 7 1
-53.88629502 -66.75206504
5 8 7 3
-30.70437068 -79.52595146
3 7 6 4
-74.79103060 -40.71174093
2 4 3 2
27.25352376 80.76613601
7 9 1 2
84.32248855 -13.00470494
9 2 1 2
84.04282603 -12.89014243
1 4 2 3
72.75793127 43.96156280
8 2 9 3
56.28924233 -64.17304850
8 2 1 3
84.32975956 12.66229419
9 1 8 1
27.24686622 -80.93962776
3 5 4 2
-30.89785897 79.57209396
4 6 5 2
-74.77600325 40.51935272
2 6 3 4
27.28271599 80.53199903
7 9 8 2
2.16074534 -85.01491120
9 4 1 4
84.20729029 -12.57693582
1 2 3 1
26.69558249 80.91944024
8 1 9 2
73.00863948 -44.35307276
8 2 9 3
56.25043723 -64.09024538
8 1 9 2
56.33142550 -63.94724642
4 8 7 4
-30.85356471 -79.35220745
7 2 1 4
84.10863028 12.98690502
6 8 9 2
56.11175677 -64.13255323
8 1 9 2
56.22225259 -64.49453125
6 7 8 1
2.35186114 -85.18133595
1 5 6 4
-83.80973462 -16.72005662
1 4 2 3
72.72418813 44.49252564
1 4 5 3
-74.89504530 41.33740866
1 4 9 3
72.87431006 -43.94391550
9 3 4 3
-30.93764526 79.63127579
2 6 7 4
-53.72945947 -66.59727880
9 2 8 2
27.09091368 -80.80057284
4 5 6 1
-83.40923422 -17.28700867
8 1 9 2
72.74412870 -43.97662218
7 9 8 2
1.80229172 -85.40324159
9 1 2 1
72.92107611 44.61825062
8 2 7 3
-30.67670239 -79.52070981
3 4 5 1
-75.03316620 40.33006109
9 2 1 2
84.02281560 -12.95427268
5 6 4 1
-53.79817499 66.94531789
9 3 2 3
56.30567389 64.36109043
3 7 4 4
-30.76944379 79.79387621
2 5 4 3
-53.63320841 66.43483580
5 7 6 2
-74.82407903 -41.35012764
1 3 9 2
72.58439885 -44.36329666
5 8 7 3
-30.77166573 -79.60926503
6 8 9 2
56.37885751 -64.04842951
4 7 8 3
2.27135615 -85.00970222
5 7 6 2
-74.59141676 -41.12647947
9 4 3 4
2.37199168 84.97722204
3 7 4 4
-30.78241695 79.47577481
1 5 4 4
-53.43263430 66.42750496
4 8 3 4
1.91641355 85.35316242
9 3 4 3
-31.32297384 79.15166438
4 7 5 3
-74.78950893 40.43483831
5 7 4 2
-53.42872413 66.32418837
6 1 9 4
72.39113745 -44.64654541
8 1 9 2
72.92278568 -44.39319921
8 3 7 4
-30.98835592 -79.46414634
4 6 5 2
-74.94623981 41.03278838
6 7 8 1
1.97103329 -85.46056466
2 6 5 4
-83.72853350 16.48107908
1 5 6 4
-83.70294182 -16.82883983
5 8 6 3
-83.32978667 -16.85825890
8 3 2 4
56.20384439 64.46139175
3 5 4 2
-53.22099052 66.38955842
2 5 1 3
84.11735782 12.56750763
5 6 4 1
-53.72471651 66.75214682
8 1 2 2
73.15263284 44.21685629
6 1 9 4
73.26950753 -44.22196326
7 2 6 4
-74.80849495 -40.74590350
6 7 8 1
1.59226383 -85.79458030
3 6 7 3
-52.74578696 -66.72254085
6 9 7 3
-53.79947188 -66.60012525
9 3 1 3
84.33586474 -13.08477879
5 8 4 3
-53.48550605 66.21145874
8 1 7 2
-30.83644861 -79.82713219
3 6 5 3
-83.91529707 16.48443327
3 7 2 4
56.15079299 63.87891910
9 1 8 1
27.00583022 -81.04549737
2 5 1 3
84.28649362 13.22595280
3 4 2 1
56.65483145 63.80384430
4 6 3 2
2.40479174 85.10388633
5 9 1 4
84.23161230 -12.77143371
7 9 8 2
2.25878239 -85.00111119
9 4 1 4
84.37544971 -13.00020288
9 2 1 2
84.30670973 12.99156852
1 4 3 3
1.84724632 85.13623438
5 8 7 3
-30.91147051 -79.32147401
9 3 4 3
-31.01880420 79.52386572
4 6 7 2
-53.01051036 -66.45810648
9 4 1 4
84.12949256 -12.39597548
3 4 2 1
56.47025430 64.10772164
9 3 8 3
27.32486919 -80.76128349
2 5 1 3
84.43259992 13.16376478
4 6 5 2
-83.79198364 16.63060977
6 8 7 2
-30.92784266 -79.67944549
5 9 1 4
84.28296721 -12.97074448
2 3 1 1
84.88610046 13.05089806
6 8 9 2
56.02521808 -64.06413647
2 3 4 1
-30.96596893 80.20233640
7 2 6 4
-74.73374484 -40.88658367
5 8 4 3
-53.46876808 66.65778507
8 2 3 3
27.60310590 80.46118592
6 9 7 3
-53.38612237 -66.47488263
4 7 8 3
2.05498080 -84.97815479
3 6 7 3
-52.92359746 -66.70349222
6 1 2 4
72.67346113 44.37979877
7 2 1 4
84.18944024 12.31276486
2 6 7 4
-53.27333654 -66.59570680
1 3 9 2
73.16427725 -44.26001458
5 6 4 1
-53.57930994 66.85374860
8 3 2 4
56.27558430 63.76399261
7 9 6 2
-74.66780531 -41.00512275
1 3 4 2
-31.03818505 79.17863341
7 2 1 4
84.22291396 12.91045160
9 2 3 2
27.59412932 80.66902118
6 1 5 4
-83.65298037 16.60474801
4 8 9 4
56.32294227 -63.92015580
8 9 7 1
-31.48412402 -79.30305801
6 8 7 2
-30.82874320 -79.45855944
2 6 7 4
-52.86758728 -66.70217799
2 4 5 2
-74.62695852 40.94107543
4 6 5 2
-74.66024100 41.06848898
7 9 1 2
84.27219103 -12.57194188
8 1 9 2
72.91326244 -44.06597628
7 8 6 1
-74.99238879 -40.85721580
3 6 7 3
-53.17493095 -66.65861217
9 3 8 3
27.16533694 -80.62871820
9 3 4 3
-31.03556653 79.56153533
9 2 3 2
26.59770518 80.74121578
9 3 1 3
84.01978434 -13.06139389
6 9 5 3
-83.28548661 17.25800840
3 7 2 4
56.31137014 64.27680625
7 1 8 3
1.80636831 -85.04228872
8 2 9 3
56.51662602 -63.52614368
3 5 4 2
-31.39397855 79.13245896
3 6 2 3
56.40427212 63.77500466
7 1 6 3
-74.62276056 -41.08386181
4 7 8 3
1.61844841 -85.51839293
1 2 9 1
73.43944689 -44.42964629
1 5 6 4
-83.73054268 -16.47938564
2 5 6 3
-83.81841020 -16.59498564
6 9 8 3
27.15201725 -80.56321636
7 8 6 1
-75.19243201 -41.49095157
2 4 5 2
-74.85002816 40.81989956
7 2 8 4
2.25851860 -85.21637734
4 7 8 3
1.91110964 -85.11785144
5 8 4 3
-53.18426365 66.34960910
6 1 5 4
-83.56613597 16.50424547
5 9 1 4
84.22180884 -12.58265746
4 8 9 4
56.29607828 -63.83602911
2 6 1 4
84.49785727 13.09416751
8 2 7 3
-30.84320546 -79.53355543
6 8 9 2
56.51713344 -63.57452069
3 4 2 1
56.75790347 63.65420994
1 5 4 4
-53.33019230 66.67183771
2 3 4 1
-30.98765691 79.96748273
1 3 2 2
72.65129818 44.56551848
4 8 9 4
56.09660050 -64.37800848
5 8 9 3
56.09214668 -64.17871181
1 4 9 3
72.87523170 -44.17406564
5 8 7 3
-30.99986159 -79.46795287
6 9 7 3
-53.37049420 -66.63956994
2 3 4 1
-31.30112312 79.75681510
5 8 6 3
-83.38847917 -16.71128093
1 5 6 4
-83.60689034 -16.43127466
4 6 7 2
-53.32118413 -66.34828783
7 1 8 3
1.64843165 -85.36589149
9 2 8 2
27.29397405 -80.83184986
6 1 9 4
72.58916098 -44.31512190
4 8 5 4
-74.76261940 41.12593979
1 2 9 1
73.05287979 -44.61474226
3 6 5 3
-83.41306985 16.54304757
1 3 4 2
-30.83637800 79.37931041
4 5 6 1
-83.41915417 -17.34372237
4 5 6 1
-84.09400376 -16.45763259
7 1 6 3
-74.78813163 -40.49057339
8 2 3 3
27.62539831 80.70064593
2 4 5 2
-74.82065011 41.27318319
7 2 6 4
-74.67373035 -40.74557054
2 4 5 2
-74.89332104 40.27601091
1 4 3 3
1.58778268 85.51597227
9 3 2 3
56.28830891 64.02123275
8 2 3 3
27.19726527 80.57139002
6 8 7 2
-53.36620821 -66.35526990
2 4 1 2
84.39354990 13.26828191
1 3 9 2
73.00513096 -44.35924668
5 7 6 2
-74.90503023 -40.35408549
1 5 6 4
-83.87754078 -16.55811081
7 1 8 3
1.75000637 -85.14836415
2 6 3 4
27.33443278 80.72671454
7 2 8 4
1.80276192 -85.14704583
5 9 6 4
-83.61466313 -16.49702655
3 7 4 4
-31.15958959 79.24434252
5 6 4 1
-53.85742094 66.76588579
2 5 4 3
-53.51027663 66.27256885
8 2 9 3
56.24968865 -64.25753717
2 5 3 3
27.68793238 80.92322945
9 4 1 4
84.50026785 -13.25136843
1 5 6 4
-83.55552574 -16.43865386
9 4 5 4
-74.85575065 40.91072802
3 7 2 4
56.26279491 64.03052955
6 8 9 2
56.20445273 -64.16703039
3 5 4 2
-53.46407355 66.23138081
5 7 6 2
-83.45150276 -16.78736753
8 9 1 1
85.02390971 -13.30640854
2 3 4 1
-31.13528401 80.00448218
8 1 9 2
72.44132997 -44.64326346
2 4 3 2
27.65944428 80.67012294
2 3 4 1
-30.99947621 79.66122406
7 2 6 4
-74.84610730 -40.38625101
8 3 2 4
56.41399748 63.85270093
4 6 5 2
-74.91708552 40.96440235
5 9 8 4
27.37835987 -80.56118285
1 4 2 3
72.80483689 44.18322149
3 5 6 2
-83.36930601 -16.96943198
9 2 1 2
84.07564286 12.78628374
8 9 7 1
-31.32697806 -79.40872505
3 5 6 2
-83.91089208 -16.56140409
2 6 1 4
84.25623059 12.88634713
1 4 9 3
72.76428878 -44.03998211
6 8 5 2
-83.69318357 16.79364558
8 9 7 1
-31.13190521 -79.55556956
4 7 5 3
-74.73939314 41.21139902
5 8 4 3
-53.28987059 66.33115954
7 1 6 3
-74.56617596 -41.06689613
5 6 4 1
-52.84063900 66.91667509
7 1 2 3
73.20756974 44.23092660
2 5 1 3
84.09745888 12.57649416
8 2 9 3
56.34036355 -63.83683125
2 5 3 3
27.51199100 80.66043235
9 1 2 1
72.79687402 44.66964383
3 4 2 1
56.39401938 64.71481290
3 5 6 2
-83.53771909 -16.60766581
2 4 3 2
27.59736670 80.72517251
1 3 2 2
72.58292773 44.41324667
7 1 8 3
1.95897551 -85.02221700
5 8 4 3
-52.95548230 66.67830127
5 9 6 4
-83.75395170 -16.71050675
3 7 8 4
1.89938519 -85.37335671
6 9 8 3
27.67697125 -80.93034594
7 1 9 3
72.62633088 -44.34617027
1 3 2 2
73.14033957 44.08792738
7 1 8 3
1.82641207 -85.32004188
8 1 2 2
73.01096500 44.36063003
8 3 4 4
-31.14545584 79.24222511
7 9 6 2
-74.76929751 -40.43197674
7 1 6 3
-74.90621985 -40.31014583
3 5 4 2
-53.44318692 66.14800126
4 7 5 3
-74.83092826 40.90307967
2 4 1 2
84.33435195 13.07797601
3 6 5 3
-83.61177873 16.89098951
1 3 9 2
72.99783948 -44.08455263
6 8 7 2
-30.96771522 -79.38714681
7 2 1 4
84.28706831 13.05763727
7 9 6 2
-74.84183511 -40.35182911
8 9 1 1
84.48922899 -12.65176098
4 7 5 3
-74.62624380 41.24842649
8 3 7 4
-30.71409961 -79.30100930
5 6 4 1
-53.04962233 66.95780720
5 7 6 2
-74.83369645 -41.00108586
1 5 2 4
72.84848611 44.35347094
2 6 5 4
-83.62485700 16.70845274
3 7 8 4
1.89299918 -85.15237910
1 4 9 3
72.54646197 -44.32053778
4 5 3 1
1.94108648 85.70254805
6 9 8 3
27.14615384 -80.74513663
6 8 5 2
-83.60415036 16.48215831
8 3 9 4
56.54386520 -63.69077588
6 1 5 4
-83.84341234 16.51534957
1 2 9 1
73.00419894 -44.46403432
5 7 6 2
-74.73303638 -41.13780434
7 9 8 2
27.54713655 -80.74096769
9 1 8 1
26.79037420 -81.00799113
4 8 3 4
2.31127531 85.11016432
3 5 4 2
-30.80121636 79.24068496
1 4 3 3
1.74468092 85.32418277
6 8 9 2
56.27964988 -64.21997449
7 9 6 2
-74.83666326 -41.25993907
1 2 3 1
27.79434702 81.38394009
7 1 6 3
-74.82054829 -40.99878883
2 6 7 4
-53.15529413 -66.65358854
6 9 1 3
84.26632962 -12.67579747
1 3 2 2
56.25410766 63.89547053
2 5 1 3
84.34479234 12.69436999
7 9 1 2
84.60672180 -13.29583071
4 6 5 2
-74.88661325 40.88351274
4 6 5 2
-74.88062833 40.78394089
5 7 6 2
-83.70388288 -16.45463002
4 6 7 2
-53.21811173 -66.64001187
7 2 3 4
26.79874335 80.78694092
8 1 9 2
73.08038440 -44.19959564
7 1 6 3
-74.76567754 -40.57971838
8 2 3 3
27.18579730 80.83335276
6 1 7 4
-53.36337514 -66.34014458
3 4 5 1
-75.10398799 41.30510805
1 2 9 1
73.35151286 -44.34130257
9 4 1 4
84.34620434 -13.15561770
3 5 2 2
56.14164255 64.11131986
8 2 7 3
-31.03670882 -79.23405049
9 2 1 2
84.20863500 -12.88988119
9 3 2 3
56.45716332 63.90139947
4 8 5 4
-74.85179940 41.33414813
6 1 7 4
-53.06872037 -66.59475914
5 7 6 2
-83.33506568 -17.13026558
8 1 9 2
56.38971982 -63.60873068
5 7 6 2
-83.53359334 -16.59449867
8 3 9 4
56.22329228 -64.09991882
6 7 5 1
-83.88290767 17.05640356
1 4 9 3
73.15303850 -44.16730177
2 3 4 1
-31.24299215 79.86396670
9 3 8 3
26.75820432 -80.75056012
9 4 3 4
1.67545306 85.05034434
4 7 3 3
1.86947883 85.19564492
2 4 3 2
27.03693641 80.69707037
5 7 8 2
2.43339302 -84.96683948
7 9 8 2
2.07542354 -85.07187782
1 5 9 4
72.93885735 -44.40021835
1 4 5 3
-74.93019182 40.67194639
6 9 8 3
27.51762411 -80.69155635
6 1 5 4
-83.27857370 17.15989640
6 9 8 3
27.67687136 -80.81629636
8 2 7 3
-30.69288477 -79.69851730
9 4 8 4
27.62503334 -80.67529957
3 4 2 1
56.65648660 63.48563171
6 9 5 3
-83.78287343 16.41379097
9 2 3 2
27.26395502 80.53918933
4 6 5 2
-74.72270891 40.69970630
9 2 1 2
83.98051208 -13.20330151
5 7 6 2
-83.62758571 -16.46916032
6 1 7 4
-52.99409669 -66.65435724
7 1 2 3
72.40108851 44.68701753
7 2 3 4
27.10566107 80.68403241
9 2 1 2
84.04861854 13.07458531
6 9 7 3
-52.96963584 -66.70169385
2 6 1 4
84.12055055 12.81616843
3 6 4 3
-31.24751458 79.12329305
8 2 9 3
56.22808012 -64.16495482
7 2 3 4
27.17970984 80.61362457
6 9 7 3
-53.42530694 -66.20423152
1 4 2 3
72.99520028 43.97712461
9 3 4 3
-30.90365173 79.65955070
4 6 7 2
-53.16510931 -66.34549403
2 3 4 1
-31.37554885 79.54249370
1 5 2 4
72.80574103 44.24507193
8 3 7 4
-30.88206888 -79.21858544
3 7 8 4
2.17591687 -85.12896243
2 4 3 2
27.31788124 80.79888415
7 8 6 1
-75.09767672 -41.51002972
4 7 6 3
-74.66166277 -40.99292751
2 5 1 3
84.16534858 13.23715064
2 4 5 2
-74.76053124 40.88826029
1 4 2 3
72.73307719 44.38349761
3 6 2 3
56.18242620 63.89142605
4 5 6 1
-83.69816238 -17.00471198
6 1 2 4
73.23305025 44.14225428
4 5 6 1
-84.26764571 -16.52068664
9 4 5 4
-74.74371584 41.30741077
9 2 8 2
27.30878037 -80.88504189
8 3 4 4
-30.69726227 79.66194111
1 5 2 4
72.64911622 44.51647537
2 5 4 3
-53.15452103 66.49207748
7 8 9 1
56.67894742 -63.52522321
3 6 4 3
-31.13562192 79.31607923
3 6 5 3
-83.49309319 16.76081958
2 3 1 1
84.60020196 12.72707064
7 2 3 4
26.98959550 80.83362469
5 7 4 2
-53.60212493 66.54433036
4 6 7 2
-52.96256960 -66.71456287
2 6 7 4
-53.48526195 -66.42439348
7 1 2 3
72.34875009 44.70756376
7 2 6 4
-74.63945410 -41.16591165
1 4 5 3
-74.59071855 41.20118536
1 5 9 4
72.44633933 -44.63247710
2 6 7 4
-52.92861860 -66.66809707
1 4 5 3
-74.78040483 40.99390597
4 8 7 4
-30.85061477 -79.27658155
8 2 3 3
27.23792105 80.88102740
5 8 9 3
56.57730612 -63.49074846
4 6 5 2
-83.86805708 16.41835656
1 5 4 4
-53.56109671 66.64737381
6 9 5 3
-83.41883215 16.82471338
7 1 6 3
-74.65304840 -41.07448173
7 9 8 2
2.21934256 -84.97819733
4 8 5 4
-74.93443791 40.84331473
4 6 7 2
-53.45350580 -66.49020382
3 7 2 4
56.28211721 64.14962424
5 9 1 4
84.36084563 -13.05975868
6 8 7 2
-53.01561465 -66.65611361
5 8 7 3
-30.63824367 -79.39419939
3 5 2 2
56.22953423 63.94384339
4 6 5 2
-83.42929711 16.61618073
5 7 8 2
2.43352031 -85.02130935
4 8 7 4
-30.72578414 -79.72149536
5 7 8 2
1.81840853 -85.29309536
2 3 4 1
-31.58438125 79.15294197
4 7 3 3
1.98770106 85.28942449
5 9 8 4
27.44969946 -80.80938126
1 2 9 1
73.46477365 -44.38666691
2 6 3 4
27.48461058 80.84443331
9 1 8 1
26.48176804 -80.85485759
5 9 4 4
-52.77555864 66.69911478
4 8 7 4
-30.73914843 -79.25895938
8 3 4 4
-31.09376793 79.15740377
3 7 2 4
55.90677716 64.15968535
2 6 7 4
-52.99294029 -66.54820738
1 2 9 1
72.56542900 -44.80357792
4 6 7 2
-53.54901429 -66.50401797
4 8 5 4
-74.57917757 40.79695548
7 9 8 2
26.77088757 -80.67638857
1 2 3 1
27.15767289 81.14891006
5 9 8 4
27.18884776 -80.68319010
5 9 8 4
26.94654065 -80.82841561
4 7 6 3
-74.75071799 -40.56703954
3 6 4 3
-30.73429928 79.76090529
2 6 7 4
-53.31802665 -66.26475062
1 4 5 3
-74.67932028 40.61713297
2 5 3 3
27.16048345 80.71649812
7 1 6 3
-74.65313611 -41.26629119
9 2 1 2
84.31282780 -12.88076604
4 8 3 4
2.05267698 85.18774359
1 4 3 3
1.77013427 85.27042256
4 6 5 2
-83.94275181 16.57007781
1 3 2 2
72.64727818 44.56004614
6 9 1 3
84.10556263 -12.64641437
9 3 4 3
-30.70880812 79.62746714
9 3 8 3
26.96151691 -80.75750472
2 5 6 3
-83.30327978 -16.92216122
1 3 9 2
73.17607808 -44.12713210
9 4 3 4
1.97070547 85.23352313
4 7 3 3
1.73362423 85.01137237
6 7 8 1
2.84258105 -84.97834708
2 3 1 1
84.62015207 12.73806105
9 2 3 2
27.50035079 80.51027667
1 2 3 1
27.20915147 80.91619377
9 2 8 2
27.42850316 -80.56321616
9 4 1 4
84.15872919 -12.98429598
8 2 3 3
27.54935019 80.59482910
4 7 6 3
-74.45653096 -41.02895877
7 9 8 2
26.98547558 -80.69638373
1 4 2 3
72.54201995 44.47929563
1 5 6 4
-83.50966751 -16.78499414
9 3 8 3
27.13672622 -80.84380158
2 6 5 4
-83.61432591 16.67363549
8 3 9 4
55.91676335 -64.14276958
8 1 9 2
56.27944473 -63.77736453
2 5 3 3
27.10411739 80.66964613
7 2 1 4
84.14806861 12.79667315
1 4 9 3
72.86339675 -44.32504275
2 4 5 2
-74.81408355 40.57768317
7 2 8 4
1.88572610 -85.03818118
7 8 9 1
56.39353947 -64.26352906
8 9 7 1
-30.98403410 -80.30499666
1 4 2 3
72.95766329 44.10240784
8 9 1 1
84.98137439 -13.34745466
1 3 2 2
56.16785522 64.07903643
5 9 4 4
-52.80930075 66.73832220
1 3 2 2
72.76125366 44.17753972
5 7 6 2
-83.81538774 -16.56012178
5 9 1 4
84.34138200 -13.23641456
1 5 2 4
72.90611889 44.17968813
4 7 5 3
-74.46737213 41.03832005
4 5 6 1
-83.95493259 -16.63428788
4 7 5 3
-74.80434583 40.93171917
8 1 9 2
56.34293257 -64.24827363
6 8 5 2
-83.66340992 16.45974591
2 5 3 3
27.08190868 80.60534779
1 2 9 1
73.02957470 -44.45398225
6 9 7 3
-53.43715594 -66.64674484
2 5 1 3
84.07437042 12.61525390
7 8 9 1
56.65352796 -63.65123304
2 5 6 3
-83.92221817 -16.47254306
3 7 6 4
-74.47067880 -41.00383766
6 8 9 2
56.24061244 -64.02268682
1 4 5 3
-74.83071224 40.80179917
2 5 4 3
-52.93902032 66.51340078
7 1 6 3
-74.83646009 -41.11792634
2 4 1 2
84.10284725 13.13474687
1 2 3 1
27.38359227 81.15860248
4 6 7 2
-53.23564928 -66.69111808
9 3 4 3
-30.91325569 79.18402625
5 7 6 2
-83.47697327 -16.60492261
4 7 6 3
-74.69073504 -41.05030289
8 9 1 1
84.17148458 -12.12489599
9 4 5 4
-74.53436342 40.96606242
2 6 5 4
-83.52422994 16.41475894
7 1 2 3
72.99765612 43.96920301
5 7 6 2
-83.41671474 -16.80031811
8 3 7 4
-31.05358133 -79.51322610
7 2 3 4
27.60324485 80.81210537
1 3 4 2
-30.75475221 79.60773275
1 3 4 2
-31.00427675 79.44971248
1 3 2 2
72.79444641 44.32733744
7 9 6 2
-74.88889962 -40.45078225
4 8 3 4
2.56171875 85.01317418
5 9 8 4
27.34872018 -80.55762420
8 2 1 3
84.14191618 12.49493511
7 9 8 2
26.75323514 -80.74735249
4 5 3 1
1.86385510 85.59433668
1 5 9 4
73.11005135 -44.29313034
1 2 3 1
27.74171098 81.36920466
6 7 8 1
2.40566283 -85.13315758
3 6 5 3
-83.35551443 16.74257664
5 6 4 1
-52.82463136 66.94755006
5 8 7 3
-30.98771370 -79.20523276
7 2 6 4
-74.90783747 -40.79423747
4 6 7 2
-53.32913233 -66.39468243
5 6 7 1
-53.75682584 -66.97482923
8 2 3 3
27.25521364 80.69494540
7 2 1 4
84.43532356 12.97391834
9 4 5 4
-74.86103562 40.33538375
4 6 3 2
2.05212203 85.05170760
7 2 8 4
1.61848455 -84.99024851
4 7 3 3
1.62598205 84.99101821
5 8 7 3
-30.67521994 -79.59546845
3 6 7 3
-52.74997451 -66.68937346
1 4 2 3
72.80065390 44.26524097
8 2 1 3
84.19591399 12.76778420
2 6 1 4
84.42450478 12.87796256
4 8 5 4
-74.80301195 40.38362410
7 2 6 4
-74.81071530 -41.31340249
3 6 7 3
-53.70213705 -66.52049592
6 9 1 3
84.04913178 -12.73380151
3 5 2 2
55.99100123 64.13676073
3 6 4 3
-31.33964199 79.10862590
3 7 6 4
-74.41895738 -41.10899731
9 2 1 2
84.32907390 12.97936862
7 9 6 2
-74.67316851 -40.76570536
8 9 1 1
84.43207986 -12.51008158
9 2 1 2
84.25682562 13.11559252
6 1 7 4
-52.94974501 -66.71306719
8 1 2 2
72.37288862 44.57771789
3 6 7 3
-53.04489300 -66.52032463
2 4 3 2
27.54785734 80.48592688
3 6 5 3
-83.86201774 16.44562248
1 4 5 3
-74.79850531 41.28227288
1 2 9 1
73.48494204 -44.54564530
2 4 5 2
-74.72104189 40.56278806
2 5 3 3
27.03879755 80.76223170
6 8 5 2
-83.77035745 16.39748942
9 4 1 4
84.28708755 -13.11000836
7 2 6 4
-74.87350188 -40.75386344
4 6 7 2
-52.94631273 -66.71480754
8 3 2 4
56.35899090 63.99842236
9 3 2 3
56.27029912 63.96092513
8 3 7 4
-31.22735745 -79.20386429
8 9 1 1
84.53175942 -12.83732014
8 2 9 3
56.00519588 -64.19977340
8 2 9 3
56.24314667 -63.78536426
1 4 9 3
73.19610792 -44.26660732
9 3 4 3
-30.95111738 79.50541846
4 5 3 1
2.34498083 85.45693818
9 3 2 3
56.17958848 64.06089665
1 4 9 3
72.77519933 -44.39982548
4 7 5 3
-74.88656426 40.95927014
7 1 6 3
-74.69301690 -40.61531921
6 1 9 4
72.52403369 -44.63447101
1 5 6 4
-83.62893510 -16.76613415
2 4 5 2
-74.59602132 40.81432098
7 2 1 4
84.28151321 12.64774152
2 5 4 3
-52.70504410 66.72945852
6 9 8 3
27.67552210 -80.94078962
3 4 2 1
56.60048795 63.97519749
5 7 4 2
-53.24344300 66.55844888
3 4 2 1
56.79225540 63.41791418
6 9 1 3
84.05090400 -12.81907851
8 3 4 4
-30.97312416 79.19910119
2 5 6 3
-83.56249776 -16.56192514
5 9 4 4
-53.73196731 66.62383860
5 8 9 3
56.24909577 -63.97653367
3 4 5 1
-75.19846399 41.20331547
3 7 2 4
56.15724076 63.84942361
9 1 8 1
27.69284416 -81.37896969
7 9 8 2
2.44467609 -85.00400098
3 4 2 1
56.50142371 64.53716819
7 1 2 3
72.82185661 44.32204479
8 3 2 4
56.30358736 64.46045258
9 4 8 4
27.37433190 -80.65988402
5 6 4 1
-52.92291213 66.77945793
1 2 9 1
72.87443783 -44.64841413
5 8 6 3
-83.70137186 -16.64095117
2 5 1 3
84.33420162 12.89037766
8 9 1 1
84.66775389 -13.07079976
7 1 2 3
73.16776277 44.25134114
4 8 5 4
-74.89027214 41.22716888
4 6 5 2
-83.54330404 16.50991116
8 3 4 4
-31.05070275 79.27606369
3 4 2 1
56.48470286 64.40988575
7 9 1 2
84.11117198 -12.42882903
6 7 5 1
-83.53372626 17.15839082
1 4 5 3
-74.63611874 41.16096582
3 6 5 3
-83.63648924 16.36645870
9 1 2 1
73.21840923 44.37910684
7 2 3 4
27.70061719 80.88535066
9 3 1 3
84.03461164 -13.04192627
2 6 3 4
27.49744541 80.73615964
9 3 4 3
-31.35503767 79.10165009
3 6 4 3
-31.08632533 79.48964155
7 1 6 3
-74.92085435 -41.23026888
7 2 1 4
84.33726093 12.87952204
8 2 7 3
-31.18784226 -79.28974752
3 4 2 1
56.61213530 64.70880249
9 4 1 4
84.44540265 -13.12673687
7 9 1 2
84.19471602 -12.84423063
1 3 9 2
72.85931356 -44.23862171
6 9 5 3
-83.38277946 16.63213751
5 8 7 3
-30.95711599 -79.27719585
2 6 3 4
27.10555975 80.60508119
2 6 5 4
-83.76649001 16.45315002
6 9 5 3
-83.65327428 16.78203790
3 7 8 4
1.90306191 -85.08193907
4 7 5 3
-74.52356111 41.14875631
1 4 3 3
2.22874399 85.11000260
8 3 2 4
56.27317886 64.19379423
6 8 7 2
-30.65337158 -79.48820937
2 6 5 4
-83.62739529 16.80490115
3 6 7 3
-53.77162096 -66.56352002
9 2 1 2
84.06505392 -12.97972179
3 7 4 4
-31.15053530 79.14136324
5 9 4 4
-52.93226990 66.56686705
8 2 7 3
-30.85526827 -79.77383718
1 4 9 3
72.86646625 -44.42208741
6 9 8 3
26.97300857 -80.64857812
2 4 3 2
27.63360409 80.62618131
2 3 1 1
84.81808228 13.09099025
2 5 1 3
84.19551205 12.36503971
8 3 4 4
-31.22443868 79.34050824
9 4 5 4
-74.66030210 40.94429041
7 2 1 4
84.13685983 12.79899915
9 3 4 3
-31.39421952 79.05997639
6 1 5 4
-83.67948866 16.38053611
1 4 5 3
-74.78518740 40.77840856
1 4 3 3
1.81086682 85.17534692
4 6 5 2
-74.44510984 41.14002253
3 4 5 1
-74.93850232 40.61343563
1 2 9 1
72.97423579 -44.66169932
3 5 4 2
-30.94898433 79.45311668
1 3 9 2
72.47936926 -44.65940926
6 8 7 2
-30.95635050 -79.17546561
8 3 4 4
-30.80545847 79.39497626
8 2 1 3
84.30971034 13.09123653
2 3 1 1
85.07351255 13.37130057
1 5 6 4
-83.79758257 -16.49313215
6 1 5 4
-83.45460183 16.72166522
1 3 2 2
56.07419327 64.17024383
2 6 7 4
-52.96820134 -66.68689868
3 4 5 1
-74.95300425 40.54940963
2 6 7 4
-52.83828424 -66.72545408
2 3 4 1
-31.38572440 79.25016678
4 6 5 2
-74.79490592 40.88405782
1 2 3 1
27.55837452 81.20762357
5 7 6 2
-83.36232012 -17.19785310
1 4 9 3
72.73393118 -44.44430457
9 2 1 2
84.07444239 12.95839389
3 7 2 4
56.00308768 64.14800832
3 5 4 2
-53.07456420 66.57022005
4 6 3 2
1.73883109 85.40772150
7 2 6 4
-74.86857990 -41.35133823
8 1 9 2
56.34433883 -63.74488438
6 1 2 4
72.58314607 44.58610548
4 8 3 4
1.69856150 85.01288319
2 3 4 1
-31.63378398 78.92446445
9 4 8 4
27.33039098 -80.64504830
6 7 8 1
2.63623730 -85.01593330
9 4 1 4
84.19632742 -12.32973286
1 3 9 2
73.12049738 -44.08668092
5 9 6 4
-83.66765414 -16.79533806
3 6 7 3
-53.60381503 -66.63584103
7 2 1 4
84.08634637 13.03255510
4 6 5 2
-74.84147532 40.66868260
5 6 7 1
-53.95775677 -66.86039704
3 4 2 1
56.57805115 64.78414875
2 3 1 1
84.37365066 12.51682002
4 6 5 2
-83.67487576 16.38237071
9 4 1 4
84.11071450 -13.03189111
7 9 8 2
2.13294323 -85.20944727
7 9 1 2
84.43559485 -13.19547662
7 9 8 2
27.01413934 -80.65079351
7 2 6 4
-74.88517554 -41.13765111
1 4 9 3
72.70390566 -44.24286491
3 5 6 2
-83.46129550 -17.00853715
1 2 9 1
73.25773088 -44.36518222
3 5 2 2
56.37800632 63.91140843
8 1 9 2
56.32714025 -64.24525290
7 9 6 2
-74.93764577 -41.23498977
2 4 1 2
84.30598847 13.03798802
9 3 4 3
-31.10584549 79.40198266
8 3 7 4
-30.98823616 -79.38644460
5 9 8 4
27.51068575 -80.70873562
4 5 6 1
-83.49480247 -17.33471127
6 9 7 3
-52.66668960 -66.77420560
4 7 5 3
-74.65735795 41.07487587
8 1 9 2
72.53533371 -44.31644630
8 1 7 2
-31.28456018 -79.25146412
7 2 3 4
27.58769110 80.46698195
7 1 6 3
-74.77020085 -41.30427719
3 4 5 1
-75.13132465 41.07955639
1 4 5 3
-74.59631697 41.21167127
3 7 8 4
1.99561736 -85.05739258
3 4 5 1
-75.23959055 40.98060644
7 2 1 4
84.09779504 12.72059250
9 3 1 3
84.16800088 -12.78207075
1 5 6 4
-83.72261492 -16.45877645
7 1 6 3
-74.79580040 -41.21330107
5 7 6 2
-83.64623717 -16.55614653
3 7 2 4
56.27728286 63.91212690
4 7 3 3
2.05671058 85.26518703
8 3 7 4
-30.74886504 -79.32314727
4 5 6 1
-83.92523518 -16.95260532
7 9 1 2
84.28938288 -12.69286841
4 8 9 4
56.44897556 -63.99622144
7 1 8 3
2.01752059 -85.12511388
9 4 8 4
27.53620878 -80.76758483
4 7 6 3
-74.86138392 -41.05631000
1 5 6 4
-83.57167248 -16.40190739
7 2 1 4
84.17849527 12.62097601
1 3 9 2
72.98815979 -44.13691873
1 3 2 2
56.18167799 64.13999943
4 6 5 2
-74.83498721 40.73872836
9 1 2 1
73.42172305 44.47717146
4 5 6 1
-84.36793536 -16.50809325
2 4 3 2
27.20476204 80.88699188
8 1 9 2
73.02139879 -44.29510296
3 4 5 1
-75.02153820 41.04824077
9 4 3 4
1.93551136 85.18018216
2 4 5 2
-74.69394699 41.22288047
5 7 6 2
-74.53768422 -41.13844235
9 3 1 3
84.18623833 -12.93150321
1 3 4 2
-30.91977560 79.26533703
9 4 1 4
84.14021926 -12.61628144
8 9 7 1
-31.00482957 -80.21661924
4 6 5 2
-83.66505902 16.65058067
1 2 9 1
72.93857988 -44.72421212
5 6 4 1
-52.67019493 66.90744241
3 6 5 3
-83.68400957 16.79561615
5 9 1 4
84.34214888 -13.05861906
4 7 5 3
-74.85949081 41.18518361
3 5 6 2
-83.67391291 -16.59809612
5 6 7 1
-52.97391926 -66.81058856
8 1 7 2
-31.21541231 -79.26717086
7 9 6 2
-74.91923712 -41.23301264
2 4 3 2
27.11568362 80.60656829
9 2 3 2
27.02570651 80.71253866
8 1 9 2
56.22216992 -63.97579831
4 6 7 2
-53.48261809 -66.65424210
1 3 9 2
72.76284360 -44.06739470
7 1 8 3
2.13458079 -85.01625957
4 6 3 2
1.73101672 85.23927584
6 9 1 3
84.04569940 -12.95650924
1 5 2 4
72.39983892 44.53642519
9 1 8 1
27.14733325 -80.91334369
9 4 3 4
2.12300448 85.04915281
9 2 3 2
27.55180348 80.85169099
1 5 4 4
-53.53945758 66.52630752
1 3 9 2
72.43877146 -44.52311627
6 8 7 2
-53.56734580 -66.30059262
2 5 3 3
27.62810400 80.78944095
2 6 5 4
-83.82291714 16.40125266
2 6 7 4
-53.47395292 -66.48446510
3 7 8 4
1.63635659 -85.46730750
6 8 5 2
-83.36226024 17.20139866
6 7 8 1
2.08804907 -85.53202444
2 6 5 4
-83.42750320 16.39002650
5 9 1 4
84.21998869 -12.52804745
3 5 4 2
-31.35886692 79.07306344
2 5 4 3
-53.73799503 66.57507843
5 8 9 3
56.09805033 -64.10230873
7 2 3 4
27.00654743 80.69370357
1 4 9 3
72.30660301 -44.73251738
3 5 6 2
-83.57564856 -16.47600746
5 7 4 2
-53.45988199 66.37603652
5 9 8 4
27.58530893 -80.57727936
4 7 3 3
2.00574598 85.20489534
4 5 3 1
1.89614202 85.46121958
4 8 5 4
-74.92252596 40.75598487
8 3 2 4
56.26909078 63.97709959
5 8 6 3
-83.36656863 -16.87482668
9 1 2 1
73.29474903 44.60754797
5 9 6 4
-83.41156499 -16.77880048
8 1 7 2
-30.70684336 -79.47623523
5 9 4 4
-53.27620909 66.43080464
9 3 2 3
56.29329472 64.45483387
1 3 2 2
72.74916365 44.06728731
8 1 2 2
72.87629752 44.07010153
1 3 4 2
-31.36703326 79.06638125
1 4 9 3
73.34232589 -44.17989554
7 8 9 1
56.40398982 -64.39859363
7 9 8 2
1.79755942 -85.20877932
3 7 6 4
-74.85348009 -40.71004001
8 9 7 1
-31.18504473 -79.69498372
2 6 5 4
-83.45150315 16.74690891
2 5 3 3
27.02700522 80.79132253
9 4 3 4
1.91250033 85.29970133
9 1 2 1
72.99337572 44.47465527
8 3 9 4
56.05322357 -64.15221879
2 6 1 4
84.31071722 12.61529221
8 3 2 4
56.52405701 63.63697440
6 9 5 3
-83.38136866 16.77605130
7 8 9 1
56.59338975 -64.41260556
7 9 8 2
27.09650024 -80.84100824
4 8 3 4
1.73690069 85.06081378
8 3 7 4
-31.15454310 -79.20406308
3 7 4 4
-31.49915156 78.98412556
3 6 5 3
-83.58008647 16.43417003
1 5 2 4
72.77890822 44.16468504
6 1 7 4
-53.66966283 -66.58133128
7 1 8 3
1.76065970 -85.15955077
5 9 1 4
84.17774633 -13.12077035
6 9 1 3
84.32040980 -13.04984415
9 1 8 1
26.88281515 -80.89506512
2 3 1 1
84.43589557 12.85518322
6 8 7 2
-52.80072602 -66.63886324
1 5 9 4
72.85037040 -44.20482372
1 5 2 4
72.91607793 44.06084685
7 8 9 1
56.66843886 -63.71234579
5 8 6 3
-83.39252394 -16.93547624
5 9 8 4
27.38141721 -80.77740568
6 8 7 2
-53.32057372 -66.25814768
9 4 3 4
1.80262440 85.46503710
2 6 1 4
84.04126124 13.11997275
7 2 6 4
-74.89678178 -40.48757764
1 4 2 3
72.68068716 44.19555118
5 6 4 1
-53.62593672 66.78012650
4 8 9 4
55.98747548 -64.26300726
2 4 5 2
-74.79900665 40.65937823
2 4 5 2
-74.55693233 40.84544169
8 2 3 3
26.93564851 80.77085748
2 6 7 4
-53.09425861 -66.51883439
1 2 9 1
73.43649157 -44.47089844
5 7 6 2
-83.57183237 -16.36493501
5 9 6 4
-83.26119059 -17.20113291
8 1 7 2
-30.98841228 -79.43972607
8 3 7 4
-30.77649365 -79.61716940
7 8 9 1
56.41909046 -64.32808616
7 1 6 3
-74.84323029 -40.41336433
5 6 4 1
-53.43325618 66.87577600
5 8 9 3
56.40293466 -64.13614993
6 9 8 3
27.17681774 -80.63517564
5 9 8 4
27.17125556 -80.78192749
1 5 4 4
-53.25781684 66.70214261
2 3 1 1
84.38969277 12.31184444
3 7 2 4
55.95932256 64.06187010
6 7 5 1
-83.91921741 16.91388163
7 2 8 4
1.80010258 -85.20508762
1 4 3 3
1.97607348 84.98089056
8 2 9 3
56.01417568 -64.25288506
9 1 8 1
27.25594652 -81.15478635
8 2 9 3
56.11840558 -64.29915614
9 2 1 2
84.39862887 -12.95897045
3 5 4 2
-31.13961746 79.18955982
1 2 3 1
27.30682417 81.03952280
3 6 4 3
-30.66629657 79.45148501
3 7 2 4
56.45542696 63.60113170
6 8 9 2
56.25878353 -64.39416709
7 9 6 2
-74.81283082 -40.64495399
7 1 6 3
-74.54908184 -41.02716873
1 2 9 1
73.10318678 -44.43994503
2 3 1 1
84.27296249 12.23034063
8 2 7 3
-30.86903107 -79.39913464
3 5 2 2
56.08965297 63.93070507
4 8 5 4
-74.73287184 40.66090906
6 9 7 3
-53.41586603 -66.41312895
1 4 2 3
72.64173553 44.51120378
7 1 9 3
72.90520716 -44.40827346
1 4 9 3
73.07899766 -44.35098191
8 2 9 3
56.36042065 -63.78319304
8 2 7 3
-31.31587259 -79.21283500
8 3 4 4
-31.32444941 79.01877673
3 6 5 3
-83.43174892 16.67976193
9 3 4 3
-31.15455346 79.39575482
1 5 4 4
-53.51568790 66.47300369
9 3 1 3
84.35303494 -13.14148211
3 6 7 3
-53.60401026 -66.44493511
3 6 4 3
-30.87440254 79.79308207
1 4 3 3
1.81387854 85.13279011
1 2 3 1
27.16043011 80.99218058
3 6 5 3
-83.49815836 16.66001306
8 3 4 4
-30.82322052 79.86347101
3 6 4 3
-30.91626468 79.27661457
8 3 2 4
56.37439645 63.62754969
1 5 9 4
72.90701017 -44.24691324
6 8 7 2
-53.76390079 -66.60927300
3 6 4 3
-31.20916054 79.11913700
5 7 6 2
-74.85708727 -40.85506741
7 2 6 4
-74.51673486 -40.93262514
6 8 7 2
-31.00747118 -79.41914207
6 9 1 3
84.31783217 -13.12419687
6 7 5 1
-83.55509776 17.19123215
2 5 3 3
27.53580695 80.90675988
1 5 2 4
72.55037821 44.35444072
3 5 4 2
-30.72662452 79.28233648
2 6 1 4
84.25266971 13.15526169
1 5 4 4
-53.07779375 66.66642406
3 7 4 4
-31.27083356 79.05952485
8 3 7 4
-30.75081146 -79.30564200
4 7 5 3
-74.64260572 40.79211398
8 3 4 4
-31.11941365 79.41294288
9 4 3 4
2.30317482 85.16168524
9 3 2 3
56.40293132 63.97165422
7 1 8 3
2.12540580 -84.98834424
7 1 8 3
2.05369806 -85.10881078
9 3 1 3
84.23913887 -13.03366934
6 9 8 3
27.16993943 -80.78257013
2 6 7 4
-53.67983054 -66.53141529
8 1 9 2
73.17058779 -44.22681703
7 9 8 2
27.72494409 -80.92914195
7 1 2 3
72.99075721 43.97231988
3 7 8 4
1.64308570 -85.34146107
4 5 6 1
-84.16434827 -16.72841293
4 7 3 3
2.52483204 85.02987529
1 3 2 2
56.30057167 64.45910627
3 7 8 4
1.95186294 -85.18603279
6 7 8 1
2.17755079 -85.27066251
3 7 4 4
-31.06605733 79.47663820
9 1 8 1
26.40210198 -80.82146233
5 9 6 4
-83.67369435 -16.81559598
1 3 2 2
56.31558148 63.97357811
4 7 5 3
-74.61214989 41.19023231
8 2 7 3
-30.80598340 -79.57083222
2 6 7 4
-53.31283869 -66.61639621
7 9 8 2
2.08985793 -85.16160030
4 8 3 4
1.81907632 85.03396201
2 6 3 4
26.96243616 80.63122986
4 6 3 2
2.05269128 85.01830975
1 3 9 2
72.52146278 -44.61016945
7 2 8 4
1.95490164 -85.24224203
6 8 9 2
56.09549353 -63.91882020
8 1 9 2
72.80142329 -44.08561018
5 7 6 2
-74.81809274 -40.87705490
7 2 1 4
84.58648182 13.27083969
9 4 5 4
-74.83766547 40.30931218
6 9 1 3
84.17208347 -12.79077148
7 9 1 2
84.01525494 -13.04340435
2 4 5 2
-74.82743729 40.38239731
8 1 9 2
72.48053110 -44.56139195
4 8 3 4
2.17976911 85.24275120
9 3 2 3
56.33817058 64.11790701
7 2 3 4
27.18143496 80.68542716
2 3 4 1
-31.11912681 79.84114279
5 6 7 1
-52.78170473 -66.89643312
4 6 3 2
1.89737621 85.32491204
7 9 8 2
1.84905462 -85.35213998
3 6 5 3
-83.35806155 16.97342496
8 2 7 3
-31.38387978 -79.01984879
4 6 5 2
-74.66950038 40.69132677
4 6 7 2
-53.30485537 -66.25936924
3 4 5 1
-75.11333084 40.85460419
9 4 1 4
84.26119315 -12.92504908
9 4 5 4
-74.71980964 40.72793957
2 4 3 2
26.75690662 80.68462369
9 3 8 3
26.78285620 -80.73546987
8 9 7 1
-31.59615796 -79.15861605
1 4 2 3
72.91927515 43.94026033
9 4 3 4
2.30429819 85.07751459
3 5 6 2
-83.36905161 -16.82404400
7 2 1 4
84.35207343 13.22451109
2 4 1 2
84.09427179 12.74539994
1 3 2 2
72.81334857 44.01871553
3 7 4 4
-31.09086495 79.13930912
2 4 3 2
26.93505184 80.71803758
1 5 9 4
72.50831058 -44.60405942
1 2 9 1
72.40251248 -44.75999169
1 4 2 3
72.62218509 44.53982957
6 8 9 2
56.24004749 -63.81865820
6 8 7 2
-53.34997057 -66.29450796
6 8 5 2
-83.46980064 16.52991125
6 1 9 4
73.00391584 -44.09895526
2 4 1 2
84.34967176 13.10116775
9 3 1 3
84.23994344 -12.80153140
5 6 7 1
-53.88320780 -66.92208361
1 4 5 3
-74.42334404 41.14429568
8 2 1 3
84.06501391 12.99972861
7 1 6 3
-74.64868505 -41.26238810
9 1 8 1
26.83726445 -80.99255007
5 8 4 3
-53.61654383 66.44615159
1 3 2 2
72.88443902 44.01716479
2 5 1 3
84.30208402 12.70040218
6 8 7 2
-30.77123138 -79.75202848
7 8 6 1
-75.08780834 -41.14818996
4 6 3 2
1.71480545 85.36792850
1 4 5 3
-74.70162287 41.15970199
1 4 5 3
-74.59321843 41.00932866
7 8 9 1
56.64765976 -63.61942463
1 4 9 3
73.11155906 -44.04144213
9 1 2 1
73.27116908 44.31467804
6 8 5 2
-83.57408004 16.34735007
1 4 5 3
-74.87591710 41.06924488
2 6 5 4
-83.31648278 16.92222743
9 1 2 1
73.34842141 44.59629941
6 1 5 4
-83.60916250 16.70100286
2 4 3 2
27.22385262 80.74874367
3 5 4 2
-53.38333200 66.25633528
6 7 5 1
-83.71179304 17.03274574
2 5 1 3
84.16187632 12.38345545
7 1 6 3
-74.73921734 -40.96614650
1 5 2 4
72.87189557 44.28870922
9 1 2 1
72.95214033 44.56395294
3 6 4 3
-30.92891777 79.59014297
5 9 4 4
-53.13040081 66.38806752
3 5 4 2
-52.99885827 66.55947353
3 6 7 3
-53.48297324 -66.50035678
4 7 6 3
-74.88845171 -41.34119070
6 7 5 1
-83.76075013 17.05993535
2 4 1 2
84.06553612 12.57044322
4 8 9 4
56.36798526 -64.00704022
3 4 2 1
56.66854336 64.17850721
3 5 4 2
-30.84059063 79.30491708
7 2 6 4
-74.64917206 -41.15374595
6 8 7 2
-30.99272339 -79.17674760
1 3 2 2
56.22283672 63.84711540
5 7 4 2
-53.52815499 66.62238915
9 4 1 4
84.21733953 -12.64054099
8 9 7 1
-31.07237118 -79.94020935
4 8 3 4
1.99539061 85.35108645
4 8 9 4
55.96690299 -64.06851235
9 2 1 2
84.09678978 -12.46967062
6 1 7 4
-52.93516066 -66.51541663
1 5 2 4
72.93718730 44.37964624
7 1 2 3
72.62236836 44.39132358
9 2 1 2
84.14438325 12.75808595
7 8 6 1
-74.99613996 -40.31184855
6 8 9 2
56.04044117 -64.31023007
9 3 8 3
26.79139555 -80.68912607
3 7 6 4
-74.76223939 -41.04485908
4 5 3 1
2.41452625 85.31524928
5 7 6 2
-74.72407339 -41.24308738
3 7 4 4
-31.16586765 79.35099125
9 3 1 3
84.14681038 -12.98936416
2 5 6 3
-83.71928507 -16.61231184
9 4 8 4
27.09545810 -80.70664209
4 7 6 3
-74.87496963 -40.77467901
3 6 4 3
-30.65744738 79.31099269
1 2 3 1
27.33814264 81.11814086
2 6 5 4
-83.42705912 16.85853399
5 7 6 2
-83.36434872 -16.76056616
5 8 7 3
-30.75428640 -79.82672580
9 1 8 1
27.64645750 -81.07927521
2 4 3 2
2.01787102 85.22053884
6 9 1 3
84.29177339 -12.81978939
3 6 4 3
-30.87946127 79.46066257
8 3 9 4
56.44299829 -63.77280849
2 4 5 2
-74.58917939 40.83877696
1 4 2 3
72.77902189 44.21944738
2 6 3 4
27.43393817 80.64794980
1 4 9 3
72.47751407 -44.48367401
7 2 8 4
1.99886539 -85.07909110
7 1 8 3
1.62963666 -85.27574834
8 3 2 4
56.35759723 63.64721097
8 3 7 4
-31.40833333 -79.03663530
7 1 6 3
-74.74370056 -41.02079706
8 9 1 1
84.42912158 -12.71944432
7 2 1 4
84.39853925 12.81517242
7 8 6 1
-75.10149877 -40.93668950
1 5 2 4
72.67850400 44.44924587
9 3 1 3
84.10363514 -12.35130413
4 6 5 2
-74.94574878 41.33855083
3 4 2 1
56.70244752 63.62251619
8 3 4 4
-30.74677518 79.66277497
1 2 3 1
27.19053509 80.90140089
2 3 4 1
-31.48893908 79.06468107
7 2 1 4
84.33212108 12.67595612
9 4 8 4
26.83808894 -80.70839747
5 6 4 1
-53.78574974 66.66258668
2 5 1 3
84.27416135 12.80285716
4 8 9 4
56.33777056 -63.78491454
7 9 8 2
2.17962778 -85.15551081
2 4 5 2
-74.48028284 41.02895419
8 9 7 1
-31.08543800 -79.56532455
7 1 8 3
2.16846371 -85.03179955
1 5 2 4
72.62891425 44.47540375
5 9 1 4
84.47891730 -13.12363076
6 9 7 3
-52.82931052 -66.60491441
6 7 5 1
-84.22393317 16.62574956
9 3 2 3
56.16243400 63.95666989
8 1 9 2
55.91001778 -64.10635683
4 6 5 2
-74.88965788 41.08508704
1 4 9 3
72.71370194 -44.32845489
5 8 9 3
56.30970162 -64.13440805
2 6 5 4
-83.71312296 16.41672343
9 2 1 2
84.45303693 -12.95046602
4 6 3 2
1.99106769 84.99846807
7 8 9 1
56.51787256 -64.01485948
6 8 5 2
-83.70472153 16.43145051
2 5 4 3
-53.82218673 66.62554983
4 8 7 4
-30.75318468 -79.40668950
1 4 2 3
72.77999289 44.01694520
3 6 2 3
56.13402939 64.25099963
2 4 3 2
1.86364152 85.46419710
6 8 5 2
-83.30250799 17.10926662
6 9 8 3
27.36626473 -80.49184136
4 8 5 4
-74.62143969 40.71351194
5 9 6 4
-83.37361290 -16.87654602
8 2 9 3
56.46839534 -63.87101494
7 1 2 3
73.06250841 44.29202268
1 3 4 2
-30.65787309 79.37985624
4 6 5 2
-74.57986557 40.85147364
1 5 6 4
-83.41285023 -16.60473731
9 2 1 2
84.02724002 -13.08424475
2 5 6 3
-83.55964462 -16.44452858
9 3 2 3
56.37224739 64.03437139
9 3 2 3
56.10262406 64.30958940
6 1 7 4
-53.58701541 -66.37542674
9 1 8 1
27.27945878 -81.10797537
2 4 3 2
27.31407530 80.74135364
6 1 5 4
-83.46218900 16.96172723
8 1 9 2
56.03940667 -64.28217817
8 3 2 4
56.17586653 63.89487849
8 2 3 3
27.43555606 80.72416505
4 6 3 2
1.90578829 85.31331568
1 4 2 3
72.42295293 44.59880139
4 6 7 2
-53.35051725 -66.59632256
7 8 9 1
56.58162271 -64.59114657
2 4 5 2
-74.60530399 41.13435073
9 4 1 4
84.26799687 -12.73371853
3 7 2 4
56.43955798 63.98917952
3 6 5 3
-83.61618983 16.83457046
3 7 2 4
56.07485888 63.93041066
6 9 7 3
-53.14663102 -66.63489347
2 5 6 3
-83.48073108 -16.97457253
9 2 3 2
27.39338037 80.71790148
1 4 3 3
1.59446614 85.16617288
8 3 7 4
-30.81397522 -79.49546091
8 2 3 3
27.01776363 80.69530117
1 4 9 3
73.01429717 -44.03695116
5 9 1 4
84.41623234 -13.05832684
4 8 3 4
2.01129631 85.24256239
1 3 2 2
72.66802909 44.26359564
1 4 5 3
-74.65139373 41.04762836
3 7 6 4
-74.81655531 -40.68555763
3 4 5 1
-75.03210531 40.08050697
9 1 2 1
73.26366987 44.36706696
5 8 6 3
-83.50908616 -16.55380205
6 9 7 3
-53.55192111 -66.40112733
8 3 9 4
56.22179708 -63.84856575
1 3 4 2
-31.10550482 79.28411957
4 6 5 2
-74.92338963 40.81743890
1 4 5 3
-74.70672427 41.16793207
3 6 5 3
-83.52819532 16.86648067
6 9 8 3
26.68815101 -80.76550228
6 7 5 1
-84.26844108 16.70871047
8 2 1 3
84.41643887 13.01982827
7 2 8 4
2.25015133 -85.12418221
5 8 7 3
-31.18345580 -79.33850452
1 3 2 2
73.04468550 44.11140524
4 8 3 4
1.64429689 85.58005252
6 9 5 3
-83.55677735 16.90177764
7 2 6 4
-74.72246213 -40.81654348
9 1 8 1
26.75602829 -80.94098871
3 5 6 2
-83.66092764 -16.71929661
7 9 8 2
27.38549155 -80.86833056
7 9 1 2
84.13914428 -12.53149707
2 4 1 2
84.07795965 12.66125577
1 2 3 1
27.27534344 81.14426179
9 4 3 4
2.39474985 85.09833298
8 3 7 4
-30.99249733 -79.17115450
5 6 7 1
-53.56745572 -66.67535216
4 8 7 4
-30.91369993 -79.46894697
5 7 6 2
-83.87962837 -16.58218774
7 2 8 4
2.25070157 -85.04343773
9 2 1 2
84.10857182 12.87678520
2 5 3 3
26.87678306 80.78311254
7 1 8 3
2.03839818 -85.30713210
1 3 2 2
72.61202419 44.40883743
7 2 6 4
-74.69621319 -40.76427661
4 6 7 2
-53.25251189 -66.63417493
9 3 2 3
56.28714937 63.80829745
4 5 3 1
1.85766134 85.56649493
5 8 7 3
-31.15688469 -79.24222664
2 5 1 3
84.16635517 13.05863125
2 6 1 4
84.05258668 12.69614301
3 5 6 2
-83.36618347 -17.09982872
8 2 3 3
27.74894582 80.89251603
9 4 5 4
-74.84236288 41.18978799
1 4 3 3
2.19090518 84.98522004
4 6 5 2
-74.83575687 40.93546095
1 3 4 2
-30.92733460 79.71419079
5 7 6 2
-83.38054995 -17.02297997
8 2 7 3
-30.73203248 -79.76530526
8 1 7 2
-30.75434902 -79.74509696
9 2 1 2
84.18020516 12.76073748
7 2 6 4
-74.78761795 -41.27202252
3 5 4 2
-53.45846123 66.61363707
4 7 6 3
-74.82965538 -40.99085097
5 8 7 3
-30.73267420 -79.71443955
1 5 4 4
-53.29031610 66.65234842
6 8 9 2
56.35208851 -64.29434651
4 6 5 2
-74.83007975 40.55522189
4 7 8 3
1.61334126 -85.59169895
7 9 8 2
27.20234177 -80.80324534
3 7 6 4
-74.89541173 -40.26730489
2 5 3 3
27.54409160 80.54721269
6 1 9 4
73.23989248 -44.20647625
3 6 2 3
56.23714663 64.50565016
8 2 3 3
26.93467436 80.67570016
7 8 9 1
56.53938264 -64.85200960
3 6 2 3
56.19026618 64.32785755
4 6 5 2
-74.91330584 41.38659726
4 5 6 1
-83.56448497 -17.22237752
1 5 4 4
-53.46486224 66.18397319
5 8 4 3
-53.56463364 66.47940526
2 6 1 4
84.46404882 12.99733910
2 5 1 3
84.30225965 13.09593132
5 9 8 4
27.20149558 -80.59567373
7 9 8 2
1.64100383 -85.25573458
3 7 8 4
1.66360655 -85.30654084
2 4 3 2
2.33465216 85.10263140
8 3 2 4
56.16563806 63.84724875
2 5 3 3
27.59809426 80.81390262
5 9 1 4
84.49167862 -13.18075051
6 9 5 3
-83.52712674 16.38074805
3 6 2 3
56.08173045 64.20057554
4 6 5 2
-74.52790616 41.05894421
7 1 2 3
72.89136945 44.00529336
6 1 5 4
-83.83338110 16.52108990
3 5 2 2
56.39247282 64.14704090
1 5 2 4
73.10375142 44.19777565
7 1 2 3
72.46126940 44.65275329
5 8 7 3
-31.01503029 -79.41196693
5 9 1 4
84.03253118 -12.92422274
8 1 9 2
72.45741132 -44.48646296
3 7 2 4
56.31652676 63.99600321
8 9 7 1
-31.23658851 -79.72350897
3 7 2 4
56.51806653 63.59762247
5 7 6 2
-83.49382879 -16.46599402
1 4 3 3
2.52858928 85.01225975
9 3 8 3
26.96033148 -80.63704007
1 5 9 4
72.53662235 -44.51568202
8 2 9 3
56.15050980 -63.85226899
1 2 9 1
72.74465689 -44.64115049
6 9 7 3
-53.81003912 -66.59977317
5 7 6 2
-83.85099536 -16.46250898
6 7 5 1
-83.50590382 17.33032083
6 8 5 2
-83.70233253 16.39340009
5 8 7 3
-31.38206005 -79.14683045
4 7 6 3
-74.82985112 -40.67751230
1 3 9 2
72.73359726 -44.29378854
1 2 9 1
72.78173759 -44.57953765
9 2 3 2
27.18965745 80.68717346
3 6 5 3
-83.64536075 16.62666608
7 1 2 3
72.72668637 44.32714872
4 5 3 1
2.07351925 85.48230270
6 1 7 4
-53.05913144 -66.42627459
9 3 2 3
56.08574860 63.94699045
4 6 5 2
-83.45412643 16.85953675
4 7 5 3
-74.86796390 40.78892841
3 4 2 1
56.51725223 64.79174538
9 1 2 1
73.27127550 44.48178606
6 1 7 4
-53.59194316 -66.33319979
9 1 8 1
27.37528744 -81.07305301
5 8 6 3
-83.31575959 -16.95992108
7 9 1 2
84.58560867 -13.22317107
2 6 1 4
84.36533750 13.00595118
5 6 7 1
-53.66338769 -66.78528524
3 7 6 4
-74.78936498 -40.47003567
4 6 5 2
-74.71946466 40.67595546
9 1 8 1
27.51696415 -81.31810345
9 2 1 2
84.26573382 -12.76524399
7 1 8 3
1.98892356 -85.13282499
6 9 7 3
-53.07531356 -66.47535283
6 9 5 3
-83.31000371 16.96584833
8 3 4 4
-30.99533975 79.57660829
8 2 3 3
27.57069738 80.48253522
4 5 6 1
-84.25718521 -16.63640670
4 7 6 3
-74.61586789 -41.17673669
7 9 8 2
27.07323343 -80.86001066
2 5 4 3
-53.02062087 66.44014311
3 5 4 2
-30.74729426 79.38708436
1 3 2 2
56.51570140 63.59579745
2 5 6 3
-83.84558590 -16.47987129
1 5 9 4
73.05511871 -44.23489860
7 2 6 4
-74.67075980 -41.10987251
3 7 6 4
-74.73318411 -40.95206002
2 5 6 3
-83.45838147 -16.76195784
1 5 4 4
-53.28274087 66.29173530
3 4 5 1
-75.00965148 40.06152635
4 8 5 4
-74.86457085 40.40120366
4 6 7 2
-53.39565260 -66.66059615
7 8 6 1
-75.15162425 -40.99397801
6 8 9 2
56.12536990 -64.09432135
7 1 2 3
73.05510077 44.34381401
3 7 4 4
-30.78928508 79.48161747
9 2 1 2
84.20349941 -13.23888917
7 8 6 1
-75.04735174 -41.22574973
1 3 2 2
56.35183889 63.71279595
7 2 3 4
27.01200698 80.82394691
7 1 8 3
1.87193545 -85.28660443
7 8 6 1
-75.06871931 -41.19948165
1 2 9 1
72.99063352 -44.49644114
1 4 2 3
72.37145224 44.59515831
3 7 8 4
2.49186534 -84.99598121
4 5 6 1
-84.50869546 -16.52481879
3 7 4 4
-30.86799423 79.80051869
8 3 7 4
-31.36684431 -79.05014145
4 7 6 3
-74.69771901 -40.72197942
5 8 6 3
-83.49781028 -16.97878916
5 7 8 2
2.20665950 -85.06394840
2 6 1 4
84.27387488 12.62238224
7 2 8 4
1.82068430 -85.41960401
1 2 9 1
73.46856815 -44.28387687
8 2 1 3
84.12809423 12.53160352
9 4 3 4
1.82230134 85.26400251
7 8 6 1
-75.31816947 -41.28650520
6 8 5 2
-83.75216919 16.39150009
6 9 1 3
84.11194941 -12.40956243
4 5 3 1
2.66475514 85.07173227
8 9 7 1
-31.29148422 -79.67172203
8 2 7 3
-31.09939183 -79.31114999
9 2 1 2
84.26360858 -13.00772813
4 7 6 3
-74.90976587 -41.02259700
4 7 8 3
1.72316780 -85.33147039
3 7 2 4
56.15182177 64.00750676
5 6 7 1
-53.19028182 -66.76715989
3 7 6 4
-74.51460695 -41.15771312
8 2 3 3
27.37609128 80.80544841
6 7 5 1
-84.01577282 16.63353147
2 3 1 1
84.16508007 12.02177046
8 3 2 4
56.36979694 63.89197451
5 6 7 1
-53.58973021 -66.68124695
1 5 9 4
72.72861710 -44.37652148
6 9 5 3
-83.61623630 16.43234452
3 7 8 4
2.12104853 -85.07794830
1 4 2 3
73.14724884 44.25137646
1 2 9 1
72.49245734 -44.70330320
6 7 8 1
2.15359640 -85.28840691
5 9 4 4
-53.24067830 66.40286344
7 9 8 2
27.41231217 -80.84390871
5 8 9 3
55.89588721 -64.09252179
7 2 8 4
1.98373428 -85.12709398
6 9 5 3
-83.52155037 16.60366110
2 5 3 3
27.10534657 80.61683426
2 4 3 2
27.05084069 80.68071968
3 7 8 4
1.84978108 -85.45218377
2 4 5 2
-74.76828841 40.76522280
1 4 2 3
72.85937924 44.39488349
3 4 5 1
-75.12844970 41.28733680
5 7 6 2
-83.26487949 -17.24498014
4 7 3 3
2.15838273 84.97715310
3 6 7 3
-53.11487245 -66.53328581
7 1 2 3
72.76830854 44.32544744
4 8 5 4
-74.67525584 41.20040378
1 4 9 3
72.62845094 -44.36749953
3 6 2 3
56.35617081 64.30505440
9 4 5 4
-74.55614635 40.84595433
8 1 9 2
72.91655984 -44.23499955
7 9 6 2
-74.67082449 -40.76810044
6 8 7 2
-30.87344512 -79.54056635
1 3 9 2
72.79612560 -44.48440031
8 2 9 3
56.11458955 -63.93565584
7 8 9 1
56.59917811 -64.29983440
4 5 6 1
-84.00944218 -16.56510578
2 4 1 2
84.12360016 12.46257128
2 3 4 1
-31.24484270 79.77494017
5 9 6 4
-83.31533627 -17.24377577
1 4 9 3
73.00040989 -44.36023692
4 6 5 2
-74.72802004 41.04213769
3 4 2 1
56.69086848 63.98245916
5 7 8 2
2.33221727 -85.13750450
6 1 2 4
72.48361671 44.54052102
8 2 3 3
27.16025087 80.78059871
3 4 2 1
56.58574676 63.60988714
7 9 8 2
27.53130283 -80.68015152
3 5 6 2
-83.57320995 -16.42906838
4 8 5 4
-74.91209351 40.55510072
7 2 6 4
-74.66679810 -40.69204484
5 7 6 2
-83.60620189 -16.48119353
8 2 9 3
56.28514856 -64.31724820
1 5 4 4
-52.65673254 66.73003370
1 3 9 2
72.82736890 -44.39903163
2 6 7 4
-52.66121782 -66.73770297
8 2 3 3
27.60776446 80.49736557
6 7 8 1
2.67463258 -84.98671725
8 1 9 2
73.11586340 -44.19465755
5 7 6 2
-83.50315902 -16.47149655
2 5 4 3
-53.45379632 66.46248727
2 4 1 2
84.14506286 12.33292944
8 2 7 3
-30.65879542 -79.59636374
5 9 6 4
-83.42266959 -16.55979631
2 4 3 2
27.26513923 80.86917991
6 9 7 3
-53.57700542 -66.40075312
2 6 1 4
84.06550470 12.74646294
8 1 9 2
56.31618237 -64.11596405
2 6 3 4
26.80830303 80.73041710
7 2 6 4
-74.74374646 -40.54636723
3 4 5 1
-75.30396252 41.23663317
4 8 3 4
2.35234595 85.14629328
9 3 8 3
27.73094685 -80.97832367
2 6 7 4
-53.37877765 -66.58036493
4 8 9 4
56.39795342 -63.84660569
1 3 9 2
72.88054632 -44.31574191
6 9 8 3
27.77728010 -80.97174574
9 3 8 3
26.77834520 -80.78996426
3 6 7 3
-53.55182734 -66.32739408
3 4 5 1
-74.97104302 40.38014947
9 4 5 4
-74.63329481 40.97458786
3 5 6 2
-83.56669485 -16.87703530
1 4 2 3
72.67655156 44.19984679
4 6 5 2
-74.63940231 40.70888134
1 5 4 4
-52.74941857 66.76742005
1 4 3 3
1.99414111 85.16421531
3 4 5 1
-75.16004717 41.13430093
3 6 7 3
-53.27848818 -66.43623360
5 8 4 3
-53.22001497 66.43166392
2 6 3 4
26.95880503 80.71037393
7 8 9 1
56.52107388 -64.62796700
4 6 5 2
-83.43327069 16.41992681
6 9 5 3
-83.29635603 16.95219689
7 8 9 1
56.54606858 -64.75789381
8 3 2 4
56.35165873 64.12662863
1 5 4 4
-53.19732734 66.36275658
8 2 9 3
56.07796740 -63.89700757
6 1 2 4
73.14679288 44.27038762
7 2 6 4
-74.66961808 -40.63046941
3 5 6 2
-83.70091511 -16.37421684
1 3 2 2
72.55457025 44.34626981
6 7 5 1
-84.27384895 16.50638265
8 3 4 4
-31.17783764 79.15094842
2 6 3 4
27.21250608 80.63212118
1 5 2 4
72.89213792 43.97653802
8 3 2 4
56.34133249 63.81784634
1 3 2 2
56.51101214 63.55227618
3 6 2 3
56.35111299 63.77824562
4 5 3 1
1.60180426 85.64238844
1 5 6 4
-83.91751079 -16.42387614
3 7 2 4
56.44699518 63.96946598
4 5 3 1
1.99794427 85.69843249
3 6 2 3
56.33216773 64.38268110
6 8 9 2
56.29984463 -64.05704118
9 4 8 4
27.11039252 -80.62710854
8 1 2 2
73.17264050 44.22231641
1 2 9 1
73.67210625 -44.46694951
1 2 3 1
27.42538179 81.05358772
5 7 4 2
-53.40140409 66.41651868
7 2 6 4
-74.74429439 -40.67917137
2 5 6 3
-83.71681232 -16.65396949
8 1 9 2
56.47413879 -63.76738741
2 5 3 3
27.67584876 80.70340895
9 3 8 3
27.48051148 -80.87097398
5 7 6 2
-74.75682410 -41.09682582
6 8 7 2
-53.04896700 -66.70560457
2 3 1 1
84.71786034 13.00462006
9 2 1 2
84.15822825 12.98341135
9 1 8 1
27.02209101 -80.90376339
2 6 7 4
-52.65156226 -66.74185450
7 9 1 2
84.22906902 -12.92837858
2 5 3 3
27.42137502 80.60162687
7 2 6 4
-74.60492559 -40.85442728
3 5 6 2
-83.28254060 -17.20314607
4 8 5 4
-74.89245905 41.38391305
1 3 2 2
73.03980108 44.25645435
2 5 1 3
84.51488732 13.16014717
3 5 4 2
-53.44246075 66.52978911
1 5 4 4
-53.07157833 66.68193093
5 9 8 4
27.11694871 -80.59589125
5 9 4 4
-53.22134644 66.38551384
8 9 7 1
-30.81960621 -80.01810258
7 8 9 1
56.43560265 -64.20494244
4 5 6 1
-84.10384474 -16.51676746
3 4 5 1
-75.11366589 40.65667766
5 8 4 3
-53.45107551 66.51086342
9 3 2 3
56.11187085 64.21679456
8 2 7 3
-30.91361611 -79.57363659
2 6 3 4
27.59590875 80.47769156
6 9 1 3
84.12730493 -12.70126163
2 4 1 2
84.05544920 13.20077841
6 1 9 4
73.06396162 -44.22577533
7 2 6 4
-74.57864576 -40.92470297
7 8 9 1
56.56419510 -64.16266242
4 5 3 1
2.62725501 85.08328610
7 1 6 3
-74.91372119 -41.24359468
2 4 5 2
-74.82186794 40.38436677
2 5 3 3
27.61693606 80.61285067
8 2 3 3
27.44903349 80.63609980
2 5 6 3
-83.49312698 -16.52019345
9 2 1 2
84.25309517 -12.59045767
6 7 8 1
2.07145853 -85.65000776
8 3 2 4
56.40635997 63.67561423
9 3 4 3
-30.66765520 79.52059059
3 7 4 4
-30.96416994 79.69293010
8 2 7 3
-30.94312650 -79.34947895
2 5 4 3
-53.13896850 66.49400897
6 9 1 3
84.22421632 -12.87317606
7 8 9 1
56.80062301 -63.35311734
6 9 5 3
-83.33522459 17.22313858
9 3 1 3
84.22818589 -13.20580154
1 3 2 2
73.10588864 44.22799736
5 8 9 3
56.25513529 -63.84430971
7 1 9 3
72.98372530 -44.27829831
8 2 3 3
27.30122004 80.62217052
9 2 1 2
84.38831528 -12.87209445
9 3 4 3
-30.80305031 79.45842579
4 6 5 2
-83.42133275 17.03752956
4 5 6 1
-84.32158347 -16.67277774
6 9 1 3
84.30158310 -12.90154784
7 2 6 4
-74.70182245 -40.73271075
6 7 8 1
1.86492838 -85.76061378
1 5 9 4
72.43487128 -44.50251815
8 1 2 2
72.67896746 44.37246311
9 4 5 4
-74.68445266 40.75883724
1 3 2 2
56.39961708 63.83050196
5 6 7 1
-53.17713601 -66.94617934
1 5 9 4
72.47311027 -44.56235199
1 5 6 4
-83.42321163 -16.86968892
1 5 6 4
-83.51472092 -16.60894544
5 8 6 3
-83.42230932 -16.99069043
7 2 3 4
27.29681879 80.70900435
4 7 6 3
-74.93799372 -40.87264373
2 3 4 1
-31.22575755 79.73991596
8 3 2 4
56.37209171 63.64673947
5 9 8 4
27.48943992 -80.77887898
9 2 1 2
84.13767344 -12.37872022
2 5 1 3
84.11044825 12.95452267
2 4 5 2
-74.73172322 40.91893954
2 3 4 1
-31.44486005 79.36950958
7 9 6 2
-74.85899853 -40.55956786
4 6 3 2
1.72937157 85.03538825
3 6 2 3
56.32440107 63.81919194
5 8 7 3
-30.82622589 -79.86246092
2 6 3 4
26.91551723 80.79952350
7 1 9 3
73.02901737 -44.03032892
8 3 9 4
56.36026739 -64.08292707
3 6 4 3
-31.01627625 79.32112152
4 7 3 3
2.39096087 85.06970117
9 4 3 4
2.20448941 85.00201258
7 9 1 2
84.24061312 -12.78345744
9 2 3 2
27.03829591 80.69610946
4 8 3 4
2.47303099 84.99734843
9 1 8 1
27.79444010 -81.36393784
4 5 6 1
-83.83967747 -16.94301350
8 1 9 2
72.85161156 -44.16200119
9 3 8 3
27.36216177 -80.91724153
1 4 5 3
-74.68015015 41.12005561
3 6 4 3
-30.98957415 79.56474105
4 5 3 1
2.27618325 85.31772387
3 5 6 2
-83.82293219 -16.67098976
2 5 1 3
84.37740670 12.99566667
2 5 4 3
-53.40722066 66.19605748
5 7 6 2
-74.91030359 -40.80323913
8 1 9 2
56.39542375 -63.99355915
4 6 7 2
-52.95100717 -66.64922503
6 1 7 4
-52.94973363 -66.52632081
9 4 5 4
-74.93952806 40.94964091
2 4 3 2
27.35195777 80.81605001
3 5 6 2
-83.70875892 -16.72543931
7 9 8 2
27.30745706 -80.65304102
9 2 1 2
84.33357435 -12.93573106
4 8 7 4
-31.34763234 -79.07978348
8 3 2 4
56.17642562 64.31273544
4 5 3 1
1.69252131 85.85542891
8 2 1 3
84.31363490 13.13740251
5 9 1 4
84.32468843 -12.61752451
2 5 1 3
84.10664574 12.64090243
6 9 8 3
27.55627821 -80.92348986
4 8 7 4
-30.66271200 -79.61712846
3 6 7 3
-53.03232175 -66.54664030
2 5 4 3
-53.03169219 66.57596261
3 5 4 2
-53.30968328 66.43660150
3 5 4 2
-53.30474117 66.52083900
9 1 8 1
27.55307712 -81.24813810
9 2 1 2
84.27222760 -12.64001283
2 4 1 2
84.15251905 12.54076210
1 4 5 3
-74.76997458 40.88682660
6 8 7 2
-53.51908273 -66.65063246
3 7 4 4
-31.01545409 79.56053110
4 8 3 4
2.08309786 85.07094598
8 3 7 4
-30.86097170 -79.76289009
3 7 8 4
1.82640929 -85.45455351
2 6 1 4
84.36627878 12.93040735
5 7 6 2
-83.36948091 -17.07842061
7 2 6 4
-74.57051420 -40.93091299
6 9 5 3
-83.77378986 16.70284775
5 8 9 3
56.19547203 -64.48777837
2 6 5 4
-83.65040252 16.71904425
1 4 2 3
72.76206856 44.31212310
4 7 6 3
-74.67553216 -41.12379260
4 7 8 3
2.55332782 -85.02137816
2 6 3 4
27.63412563 80.59843693
1 3 2 2
56.20507548 63.87973181
4 8 3 4
1.93644614 85.25333740
3 5 2 2
56.26999809 64.16315574
2 5 3 3
27.35321554 80.53981290
3 7 8 4
2.15492795 -85.04689008
2 6 1 4
84.33685654 12.79162519
2 4 5 2
-74.90780789 40.34996435
9 4 5 4
-74.78848438 40.69535581
5 7 4 2
-53.32034467 66.29367533
3 6 5 3
-83.36726906 16.87564608
5 9 1 4
84.29069390 -12.85300675
344 606 676 628
4.67184
