10 2.41142e-12 0 0
10.1 2.22639e-12 0 0
10.2 2.23213e-12 0 0
10.3 2.22473e-12 0 0
10.4 2.25613e-12 0 0
10.5 2.10589e-12 0 0
10.6 2.20581e-12 0 0
10.7 2.38175e-12 0 0
10.8 2.17041e-12 0 0
10.9 2.30944e-12 0 0
11 2.33953e-12 0 0
11.1 2.4691e-12 0 0
11.2 2.33953e-12 0 0
11.3 2.32456e-12 0 0
11.4 2.32149e-12 0 0
11.5 2.36602e-12 0 0
11.6 2.25403e-12 0 0
11.7 2.21749e-12 0 0
11.8 2.27982e-12 0 0
11.9 2.22281e-12 0 0
12 2.18667e-12 0 0
12.1 2.3073e-12 0 0
12.2 2.19055e-12 0 0
12.3 12.2675 1.7e-05 1.7e-05
12.4 12.2996 0.000143 0.000143
12.5 12.4395 0.00026 0.00026
12.6 12.5036 0.000422 0.000422
12.7 12.6179 0.000629 0.000629
12.8 12.6912 0.000685 0.000685
12.9 12.8457 0.000863 0.000863
13 12.8863 0.001002 0.001002
13.1 40.0249 0.00108 0.00108
13.2 40.0337 0.001286 0.001286
13.3 40.0671 0.001642 0.001642
13.4 40.1125 0.00179 0.00179
13.5 40.1543 0.00217 0.00217
13.6 40.2288 0.00241 0.00241
13.7 40.2239 0.002551 0.002551
13.8 40.2869 0.002895 0.002895
13.9 40.3046 0.003088 0.003088
14 40.3744 0.003278 0.003278
14.1 40.4054 0.003407 0.003407
14.2 40.3955 0.003739 0.003739
14.3 40.4626 0.004026 0.004026
14.4 40.5144 0.004173 0.004173
14.5 40.5251 0.004381 0.004381
14.6 40.6016 0.004591 0.004591
14.7 40.6351 0.004918 0.004918
14.8 40.6545 0.005169 0.005169
14.9 40.6736 0.005266 0.005266
15 40.6864 0.005511 0.005511
15.1 40.7821 0.00584 0.00584
15.2 40.8092 0.005709 0.005709
15.3 40.8148 0.005976 0.005976
15.4 40.8865 0.006372 0.006372
15.5 40.937 0.006406 0.006406
15.6 40.9569 0.006745 0.006745
15.7 41.0024 0.006932 0.006932
15.8 41.0786 0.006976 0.006976
15.9 41.0808 0.007238 0.007238
16 42.5859 0.007334 0.007334
16.1 42.641 0.007534 0.007534
16.2 42.4711 0.007938 0.007938
16.3 42.6259 0.008045 0.008045
16.4 42.4786 0.008184 0.008184
16.5 42.7136 0.008447 0.008447
16.6 42.8384 0.008638 0.008638
16.7 42.7854 0.00888 0.00888
16.8 42.8356 0.009215 0.009215
16.9 42.79 0.009354 0.009354
17 42.9657 0.009831 0.009831
17.1 42.9627 0.009946 0.009946
17.2 51.5522 0.010329 0.010329
17.3 51.5952 0.0105 0.0105
17.4 57.9476 0.010817 0.010817
17.5 58.0031 0.011219 0.011219
17.6 57.9453 0.011543 0.011543
17.7 57.6269 0.011972 0.011972
17.8 57.8318 0.012351 0.012351
17.9 57.7129 0.012793 0.012793
18 57.86 0.012897 0.012897
18.1 58.0133 0.013357 0.013357
18.2 57.9874 0.014056 0.014056
18.3 57.7925 0.01435 0.01435
18.4 57.83 0.014755 0.014755
18.5 57.92 0.015382 0.015382
18.6 57.9858 0.01562 0.01562
18.7 58.2959 0.016216 0.016216
18.8 58.6932 0.016606 0.016606
18.9 58.3681 0.01713 0.01713
19 60.7868 0.01751 0.01751
19.1 60.9361 0.018152 0.018152
19.2 60.9513 0.018688 0.018688
19.3 60.9632 0.019167 0.019167
19.4 60.9548 0.019584 0.019584
19.5 60.9467 0.020242 0.020242
19.6 60.9405 0.020644 0.020644
19.7 60.9539 0.021194 0.021194
19.8 60.9596 0.021863 0.021863
19.9 60.9097 0.022337 0.022337
20 60.9312 0.022802 0.022802
20.1 60.9707 0.023228 0.023228
20.2 60.9495 0.023849 0.023849
20.3 60.9599 0.024469 0.024469
20.4 60.9821 0.024761 0.024761
20.5 60.9647 0.025865 0.025865
20.6 60.9568 0.026075 0.026075
20.7 60.9785 0.026638 0.026638
20.8 60.9704 0.0271 0.0271
20.9 60.9687 0.027524 0.027524
21 60.9764 0.028202 0.028202
21.1 60.9853 0.028501 0.028501
21.2 60.9403 0.029554 0.029554
21.3 60.9338 0.030316 0.030316
21.4 60.945 0.030827 0.030827
21.5 60.9664 0.030765 0.030765
21.6 60.9571 0.031788 0.031788
21.7 60.9264 0.032055 0.032055
21.8 60.9557 0.032648 0.032648
21.9 60.9287 0.032962 0.032962
22 60.952 0.033736 0.033736
22.1 60.9308 0.034531 0.034531
22.2 60.92 0.034809 0.034809
22.3 60.9845 0.035648 0.035648
22.4 60.9165 0.03607 0.03607
22.5 60.9891 0.036538 0.036538
22.6 60.9486 0.037293 0.037293
22.7 60.9187 0.038103 0.038103
22.8 60.9563 0.038543 0.038543
22.9 60.9725 0.038978 0.038978
23 60.9667 0.039783 0.039783
23.1 60.9612 0.040341 0.040341
23.2 60.9403 0.040617 0.040617
23.3 60.9853 0.041451 0.041451
23.4 60.9739 0.041594 0.041594
23.5 60.9678 0.04265 0.04265
23.6 60.96 0.043113 0.043113
23.7 60.9518 0.043978 0.043978
23.8 60.9758 0.044401 0.044401
23.9 60.9581 0.044825 0.044825
24 79.9905 0.045615 0.045615
24.1 79.9898 0.046455 0.046455
24.2 80.0517 0.046987 0.046987
24.3 80.0671 0.047239 0.047239
24.4 80.088 0.0484 0.0484
24.5 80.1027 0.048782 0.048782
24.6 80.1371 0.049327 0.049327
24.7 80.1472 0.049891 0.049891
24.8 80.1722 0.050085 0.050085
24.9 80.2067 0.051162 0.051162
25 80.2072 0.051926 0.051926
25.1 80.243 0.052334 0.052334
25.2 80.2696 0.052769 0.052769
25.3 80.2854 0.053661 0.053661
25.4 80.314 0.054026 0.054026
25.5 80.3367 0.055253 0.055253
25.6 80.3497 0.055239 0.055239
25.7 80.3721 0.056382 0.056382
25.8 80.3966 0.05678 0.05678
25.9 80.422 0.057643 0.057643
26 80.4357 0.058524 0.058524
26.1 80.4633 0.058411 0.058411
26.2 80.4927 0.059837 0.059837
26.3 80.5131 0.060029 0.060029
26.4 80.5324 0.061234 0.061234
26.5 80.5536 0.06157 0.06157
26.6 80.581 0.062218 0.062218
26.7 80.5928 0.063207 0.063207
26.8 80.6156 0.063415 0.063415
26.9 80.6487 0.064221 0.064221
27 100.791 0.065011 0.065011
27.1 100.791 0.066037 0.066037
27.2 100.803 0.066238 0.066238
27.3 100.845 0.066701 0.066701
27.4 100.925 0.06785 0.06785
27.5 100.955 0.068778 0.068778
27.6 100.955 0.06903 0.06903
27.7 100.932 0.069752 0.069752
27.8 100.978 0.071263 0.071263
27.9 101.1 0.071588 0.071588
28 101.112 0.072206 0.072206
28.1 101.097 0.072967 0.072967
28.2 101.172 0.073581 0.073581
28.3 101.226 0.074455 0.074455
28.4 101.231 0.075637 0.075637
28.5 101.258 0.07613 0.07613
28.6 101.399 0.076676 0.076676
28.7 101.398 0.077726 0.077726
28.8 101.367 0.078649 0.078649
28.9 101.459 0.078855 0.078854
29 101.482 0.080424 0.080418
29.1 101.603 0.08105 0.081046
29.2 101.589 0.081566 0.081552
29.3 101.62 0.081936 0.081922
29.4 101.585 0.083391 0.083363
29.5 101.673 0.084139 0.084115
29.6 101.67 0.084969 0.084945
29.7 101.793 0.085252 0.085218
29.8 101.863 0.08573 0.085698
29.9 101.856 0.086507 0.086465
30 101.904 0.087707 0.087656
30.1 101.891 0.08832 0.088263
30.2 101.959 0.089271 0.089204
30.3 101.987 0.090387 0.090312
30.4 102.05 0.091696 0.091611
30.5 102.057 0.091578 0.09149
30.6 102.096 0.092316 0.092227
30.7 102.17 0.093915 0.093814
30.8 102.212 0.094229 0.094106
30.9 102.219 0.095436 0.095312
31 102.292 0.095532 0.095423
31.1 102.345 0.096256 0.096129
31.2 102.351 0.097461 0.097303
31.3 102.349 0.097959 0.097789
31.4 102.449 0.098799 0.098637
31.5 102.359 0.099263 0.099076
31.6 102.531 0.100803 0.100612
31.7 102.5 0.101458 0.101267
31.8 102.545 0.101779 0.101588
31.9 102.629 0.103336 0.103103
32 102.671 0.103775 0.103514
32.1 102.631 0.104673 0.104407
32.2 102.664 0.105819 0.105545
32.3 102.742 0.106023 0.105722
32.4 102.768 0.106944 0.106614
32.5 102.868 0.107262 0.106963
32.6 102.82 0.108684 0.108348
32.7 102.841 0.109227 0.108874
32.8 102.9 0.110244 0.109881
32.9 102.989 0.111164 0.11078
33 103.042 0.111371 0.111009
33.1 103.064 0.112613 0.11218
33.2 103.054 0.112812 0.112394
33.3 103.073 0.113887 0.113464
33.4 103.215 0.114225 0.11379
33.5 103.239 0.115093 0.114623
33.6 103.215 0.115923 0.115424
33.7 103.302 0.116708 0.116212
33.8 103.215 0.117661 0.117114
33.9 103.33 0.118254 0.117709
34 103.331 0.118777 0.118203
34.1 103.461 0.119618 0.119062
34.2 103.501 0.120233 0.11964
34.3 103.537 0.121669 0.121106
34.4 103.462 0.122541 0.121904
34.5 103.599 0.122542 0.121871
34.6 103.547 0.123989 0.123314
34.7 103.623 0.124178 0.123516
34.8 103.727 0.125296 0.124586
34.9 103.707 0.126231 0.125508
35 103.71 0.125957 0.125266
35.1 103.805 0.127897 0.127181
35.2 103.827 0.127847 0.127077
35.3 103.888 0.128777 0.128003
35.4 103.922 0.129597 0.128805
35.5 103.953 0.129879 0.129092
35.6 103.99 0.13071 0.129882
35.7 103.947 0.131412 0.130601
35.8 104.09 0.132026 0.131138
35.9 104.145 0.132748 0.13185
36 104.1 0.133581 0.132643
36.1 104.205 0.134756 0.133877
36.2 104.163 0.135375 0.134391
36.3 104.27 0.13526 0.134297
36.4 104.168 0.136642 0.135672
36.5 104.292 0.137749 0.13676
36.6 104.318 0.13768 0.136668
36.7 104.365 0.138978 0.137967
36.8 104.417 0.139625 0.138517
36.9 104.47 0.14014 0.139061
37 104.423 0.140778 0.139686
37.1 104.452 0.141751 0.140592
37.2 104.402 0.141938 0.140834
37.3 104.615 0.143257 0.142091
37.4 104.693 0.14421 0.143055
37.5 104.746 0.144842 0.143666
37.6 104.682 0.14513 0.143921
37.7 104.761 0.145696 0.144434
37.8 104.87 0.146215 0.144978
37.9 104.814 0.147544 0.146262
38 104.906 0.147578 0.146327
38.1 104.916 0.1487 0.147439
38.2 105.005 0.149317 0.147953
38.3 105.03 0.150163 0.148812
38.4 105.021 0.150895 0.149454
38.5 104.955 0.151146 0.149723
38.6 105.069 0.151508 0.150125
38.7 105.112 0.153112 0.151681
38.8 105.14 0.153129 0.151663
38.9 105.148 0.153653 0.152144
39 105.257 0.154772 0.153232
39.1 105.322 0.155357 0.153771
39.2 105.339 0.156132 0.15457
39.3 105.376 0.157517 0.155942
39.4 105.291 0.157269 0.155676
39.5 105.351 0.158115 0.156464
39.6 105.391 0.159291 0.157659
39.7 105.518 0.159794 0.158118
39.8 105.598 0.160464 0.158855
39.9 105.639 0.160467 0.158771
40 105.628 0.161268 0.15959
