10 1.92484e-12 0 0 0
10.1 2.00863e-12 0 0 0
10.2 2.13991e-12 0 0 0
10.3 2.23009e-12 0 0 0
10.4 2.19931e-12 0 0 0
10.5 2.08136e-12 0 0 0
10.6 2.05534e-12 0 0 0
10.7 2.34842e-12 0 0 0
10.8 1.89545e-12 0 0 0
10.9 2.09941e-12 0 0 0
11 1.88185e-12 0 0 0
11.1 2.19952e-12 0 0 0
11.2 2.1105e-12 0 0 0
11.3 1.83458e-12 0 0 0
11.4 2.06101e-12 0 0 0
11.5 2.02007e-12 0 0 0
11.6 1.94155e-12 0 0 0
11.7 2.01104e-12 0 0 0
11.8 2.09098e-12 0 0 0
11.9 2.34552e-12 0 0 0
12 2.09267e-12 0 0 0
12.1 2.00575e-12 0 0 0
12.2 2.12009e-12 0 0 0
12.3 2.00107e-12 0 0 0
12.4 1.91469e-12 0 0 0
12.5 1.95125e-12 0 0 0
12.6 2.0472e-12 0 0 0
12.7 2.01194e-12 0 0 0
12.8 2.05042e-12 0 0 0
12.9 1.99416e-12 0 0 0
13 2.0242e-12 0 0 0
13.1 2.40302e-12 0 0 0
13.2 2.06113e-12 0 0 0
13.3 2.01189e-12 0 0 0
13.4 2.07712e-12 0 0 0
13.5 2.07407e-12 0 0 0
13.6 2.13334e-12 0 0 0
13.7 2.0245e-12 0 0 0
13.8 2.33171e-12 0 0 0
13.9 2.0096e-12 0 0 0
14 2.14495e-12 0 0 0
14.1 1.94238e-12 0 0 0
14.2 2.10235e-12 0 0 0
14.3 1.91931e-12 0 0 0
14.4 2.13754e-12 0 0 0
14.5 2.19239e-12 0 0 0
14.6 2.18778e-12 0 0 0
14.7 1.97369e-12 0 0 0
14.8 2.01314e-12 0 0 0
14.9 2.4229e-12 0 0 0
15 2.14585e-12 0 0 0
15.1 2.13693e-12 0 0 0
15.2 2.2224e-12 0 0 0
15.3 2.26171e-12 0 0 0
15.4 2.09528e-12 0 0 0
15.5 1.96286e-12 0 0 0
15.6 1.98709e-12 0 0 0
15.7 2.46344e-12 0 0 0
15.8 1.97389e-12 0 0 0
15.9 1.99743e-12 0 0 0
16 2.02538e-12 0 0 0
16.1 2.36908e-12 0 0 0
16.2 2.19801e-12 0 0 0
16.3 2.32777e-12 0 0 0
16.4 2.18656e-12 0 0 0
16.5 2.0147e-12 0 0 0
16.6 2.1218e-12 0 0 0
16.7 2.02739e-12 0 0 0
16.8 1.99531e-12 0 0 0
16.9 2.28198e-12 0 0 0
17 2.07245e-12 0 0 0
17.1 2.00556e-12 0 0 0
17.2 2.21349e-12 0 0 0
17.3 1.99769e-12 0 0 0
17.4 2.06284e-12 0 0 0
17.5 2.00238e-12 0 0 0
17.6 2.23364e-12 0 0 0
17.7 2.00418e-12 0 0 0
17.8 1.99384e-12 0 0 0
17.9 2.41845e-12 0 0 0
18 2.29597e-12 0 0 0
18.1 1.98765e-12 0 0 0
18.2 2.37797e-12 0 0 0
18.3 2.13011e-12 0 0 0
18.4 2.07781e-12 0 0 0
18.5 2.10091e-12 0 0 0
18.6 2.2668e-12 0 0 0
18.7 2.19907e-12 0 0 0
18.8 2.05774e-12 0 0 0
18.9 2.03886e-12 0 0 0
19 2.28791e-12 0 0 0
19.1 2.28199e-12 0 0 0
19.2 2.15193e-12 0 0 0
19.3 2.0242e-12 0 0 0
19.4 2.4786e-12 0 0 0
19.5 2.19897e-12 0 0 0
19.6 2.15181e-12 0 0 0
19.7 2.29128e-12 0 0 0
19.8 2.24666e-12 0 0 0
19.9 2.28619e-12 0 0 0
20 2.44414e-12 0 0 0
20.1 2.16132e-12 0 0 0
20.2 1.93445e-12 0 0 0
20.3 2.03498e-12 0 0 0
20.4 1.9725e-12 0 0 0
20.5 2.10964e-12 0 0 0
20.6 2.22789e-12 0 0 0
20.7 2.11183e-12 0 0 0
20.8 2.25887e-12 0 1e-05 0
20.9 2.29143e-12 0 0 0
21 1.80366e-12 0 0 0
21.1 2.31015e-12 0 3e-05 0
21.2 2.03196e-12 0 2e-05 0
21.3 2.21712e-12 0 0 0
21.4 2.23595e-12 0 0 0
21.5 2.1105e-12 0 1e-05 0
21.6 2.15193e-12 0 4e-05 0
21.7 2.03193e-12 0 3e-05 0
21.8 2.11953e-12 0 6e-05 0
21.9 2.0156e-12 0 5e-05 0
22 2.23815e-12 0 5e-05 0
22.1 2.1571e-12 0 0.00013 0
22.2 2.05355e-12 0 6e-05 0
22.3 2.25945e-12 0 0.0001 0
22.4 2.07172e-12 0 0.0002 0
22.5 2.18778e-12 0 0.0002 0
22.6 2.04048e-12 0 0.00026 0
22.7 2.21069e-12 0 0.00027 0
22.8 2.31389e-12 0 0.00031 0
22.9 2.14938e-12 0 0.0004 0
23 2.09903e-12 0 0.00022 0
23.1 2.17964e-12 0 0.00045 0
23.2 2.20457e-12 0 0.00046 0
23.3 2.27015e-12 0 0.00034 0
23.4 2.23166e-12 0 0.00054 0
23.5 2.19498e-12 0 0.0005 0
23.6 2.00595e-12 0 0.00052 0
23.7 2.21585e-12 0 0.00083 0
23.8 2.1171e-12 0 0.0008 0
23.9 2.3717e-12 0 0.00094 0
24 10.2298 1e-05 0.00085 1e-05
24.1 9.89797 1e-05 0.00114 1e-05
24.2 10.2146 2e-05 0.00109 2e-05
24.3 2.24114e-12 0 0.00106 0
24.4 10.583 2e-05 0.00127 2e-05
24.5 2.3582e-12 0 0.00113 0
24.6 23.2844 3e-05 0.00147 3e-05
24.7 24.1365 4e-05 0.0016 4e-05
24.8 10.6564 1e-05 0.00149 1e-05
24.9 23.2454 3e-05 0.00178 3e-05
25 10.6774 1e-05 0.00198 1e-05
25.1 10.8604 1e-05 0.00196 1e-05
25.2 9.87517 1e-05 0.00215 1e-05
25.3 25.263 1e-05 0.00257 1e-05
25.4 21.8837 4e-05 0.00261 4e-05
25.5 23.5731 5e-05 0.00237 5e-05
25.6 2.20891e-12 0 0.00237 0
25.7 10.205 1e-05 0.00258 1e-05
25.8 10.9961 3e-05 0.00288 3e-05
25.9 24.9569 5e-05 0.00281 5e-05
26 24.629 6e-05 0.00342 6e-05
26.1 11.3167 2e-05 0.00318 2e-05
26.2 11.0058 3e-05 0.00356 3e-05
26.3 20.3758 3e-05 0.00347 3e-05
26.4 24.9207 0.00011 0.00389 0.00011
26.5 25.3247 8e-05 0.00403 8e-05
26.6 22.5329 3e-05 0.00407 3e-05
26.7 25.5928 6e-05 0.0043 6e-05
26.8 46.5924 6e-05 0.00413 6e-05
26.9 11.3454 2e-05 0.00393 2e-05
27 46.2485 5e-05 0.0044 5e-05
27.1 24.7774 6e-05 0.00449 6e-05
27.2 24.4547 9e-05 0.00518 9e-05
27.3 46.306 8e-05 0.00518 8e-05
27.4 46.3043 8e-05 0.00498 8e-05
27.5 46.6521 0.00011 0.00551 0.00011
27.6 46.3071 0.00013 0.0059 0.00013
27.7 47.008 0.00011 0.00564 0.00011
27.8 47.1021 0.00015 0.00595 0.00015
27.9 46.4446 0.00017 0.00628 0.00017
28 46.1406 0.00013 0.00653 0.00013
28.1 32.8047 0.00011 0.00659 0.00011
28.2 46.6123 0.00014 0.0069 0.00014
28.3 29.7896 6e-05 0.0064 6e-05
28.4 47.4387 0.00018 0.00752 0.00018
28.5 47.2957 0.00014 0.00721 0.00014
28.6 46.9796 0.00016 0.00756 0.00016
28.7 47.0923 0.00032 0.00842 0.00032
28.8 47.427 0.00017 0.00808 0.00017
28.9 46.754 0.00025 0.00812 0.00025
29 46.7194 0.00025 0.00801 0.00025
29.1 46.7434 0.00026 0.00871 0.00026
29.2 47.0397 0.00021 0.00813 0.00021
29.3 46.7553 0.00028 0.0086 0.00028
29.4 48.0624 0.00032 0.00928 0.00032
29.5 48.3596 0.00029 0.00945 0.00029
29.6 47.0442 0.00034 0.00945 0.00034
29.7 47.7655 0.00035 0.00933 0.00035
29.8 48.1609 0.00035 0.00948 0.00035
29.9 48.0706 0.00032 0.00989 0.00032
30 46.7076 0.00035 0.01071 0.00035
30.1 48.4903 0.0006 0.01044 0.0006
30.2 48.7663 0.00051 0.01074 0.00051
30.3 48.6038 0.00066 0.01047 0.00066
30.4 47.9018 0.00065 0.01139 0.00065
30.5 48.1821 0.00072 0.01109 0.00072
30.6 48.5907 0.00057 0.01076 0.00057
30.7 48.1849 0.00066 0.01146 0.00066
30.8 47.3072 0.00065 0.01164 0.00065
30.9 48.146 0.00092 0.01194 0.00092
31 49.1157 0.00083 0.01161 0.00083
31.1 48.9143 0.00087 0.01218 0.00087
31.2 48.8597 0.00125 0.0126 0.00125
31.3 48.8591 0.00101 0.01244 0.00101
31.4 49.4596 0.00118 0.01224 0.00118
31.5 48.0378 0.00136 0.01316 0.00136
31.6 48.1738 0.00122 0.01253 0.00122
31.7 49.1336 0.00154 0.01246 0.00154
31.8 49.5063 0.00148 0.01328 0.00148
31.9 48.309 0.00148 0.01338 0.00148
32 48.711 0.00165 0.01321 0.00165
32.1 48.6005 0.00165 0.01295 0.00165
32.2 49.7033 0.00179 0.01332 0.00179
32.3 49.9015 0.00189 0.015 0.00189
32.4 50.2273 0.00177 0.01346 0.00177
32.5 50.092 0.00206 0.01397 0.00206
32.6 50.6322 0.00225 0.01473 0.00225
32.7 49.2992 0.0022 0.01491 0.0022
32.8 48.8683 0.00251 0.0147 0.00251
32.9 48.9348 0.00238 0.01394 0.00238
33 50.5436 0.0025 0.01455 0.0025
33.1 50.5946 0.00242 0.01579 0.00242
33.2 48.9206 0.00265 0.01488 0.00265
33.3 50.075 0.00245 0.01538 0.00245
33.4 49.7027 0.0027 0.01555 0.0027
33.5 50.2451 0.00297 0.01602 0.00297
33.6 49.7441 0.00353 0.01625 0.00353
33.7 50.5737 0.00291 0.01632 0.00291
33.8 51.4178 0.00322 0.01624 0.00322
33.9 51.0358 0.0033 0.01697 0.0033
34 51.5448 0.00339 0.01681 0.00339
34.1 51.1872 0.00349 0.01692 0.00349
34.2 50.5297 0.00363 0.01795 0.00363
34.3 50.9291 0.00384 0.01791 0.00384
34.4 52.0647 0.00386 0.01762 0.00386
34.5 50.9791 0.00415 0.01815 0.00415
34.6 50.254 0.00418 0.0178 0.00418
34.7 51.0026 0.0042 0.0183 0.0042
34.8 51.9089 0.00421 0.01822 0.00421
34.9 52.2322 0.00455 0.0179 0.00455
35 51.2583 0.00455 0.01787 0.00455
35.1 52.4567 0.00494 0.01819 0.00494
35.2 51.4279 0.00484 0.01828 0.00484
35.3 50.7891 0.00495 0.01861 0.00495
35.4 52.2326 0.00463 0.01973 0.00463
35.5 51.2935 0.00568 0.01965 0.00568
35.6 52.71 0.00535 0.02006 0.00535
35.7 62.4926 0.0054 0.01988 0.0054
35.8 52.36 0.00582 0.01868 0.00582
35.9 62.5174 0.00559 0.02058 0.00559
36 51.9548 0.00572 0.01913 0.00572
36.1 53.2036 0.00549 0.02029 0.00549
36.2 53.1697 0.0063 0.02141 0.0063
36.3 53.3158 0.00621 0.02064 0.00621
36.4 62.6892 0.00617 0.02049 0.00617
36.5 62.7955 0.00669 0.02172 0.00669
36.6 62.4572 0.00704 0.02032 0.00704
36.7 62.9853 0.0069 0.02214 0.0069
36.8 63.0175 0.00682 0.02145 0.00682
36.9 54.4664 0.0068 0.02174 0.0068
37 53.6146 0.0072 0.02202 0.0072
37.1 61.89 0.00729 0.02224 0.00729
37.2 63.2438 0.00714 0.02238 0.00714
37.3 63.0045 0.00731 0.02161 0.00731
37.4 54.1018 0.00784 0.02131 0.00784
37.5 63.7833 0.00802 0.02073 0.00802
37.6 63.3365 0.00824 0.02341 0.00824
37.7 64.0527 0.00824 0.02272 0.00824
37.8 63.1391 0.00847 0.02272 0.00847
37.9 63.3936 0.00822 0.02333 0.00822
38 63.4971 0.0084 0.02396 0.0084
38.1 63.3106 0.00829 0.02289 0.00829
38.2 63.183 0.00842 0.02186 0.00842
38.3 63.0754 0.00931 0.02271 0.00931
38.4 64.5226 0.00934 0.0245 0.00934
38.5 64.8271 0.00923 0.02333 0.00923
38.6 62.4129 0.00897 0.02409 0.00897
38.7 64.6833 0.00963 0.02611 0.00963
38.8 64.4385 0.00984 0.02483 0.00984
38.9 63.5197 0.00995 0.02383 0.00995
39 63.2014 0.00981 0.02449 0.00981
39.1 63.9574 0.01018 0.02607 0.01018
39.2 64.6432 0.0099 0.02471 0.0099
39.3 64.2998 0.01003 0.02586 0.01003
39.4 64.7724 0.01067 0.0235 0.01067
39.5 63.8746 0.01088 0.02479 0.01088
39.6 64.2518 0.01057 0.02519 0.01057
39.7 64.6944 0.01136 0.02544 0.01136
39.8 65.4829 0.0109 0.02671 0.0109
39.9 65.0634 0.01195 0.02633 0.01195
40 65.5066 0.01144 0.02674 0.01144
