10 2.42082e-12 0 0
10.1 2.06913e-12 0 0
10.2 2.82236e-12 0 0
10.3 2.32333e-12 0 0
10.4 2.52623e-12 0 0
10.5 2.2851e-12 0 0
10.6 2.36447e-12 0 0
10.7 2.2447e-12 0 0
10.8 2.27215e-12 0 0
10.9 2.4479e-12 0 0
11 2.18308e-12 0 0
11.1 2.17279e-12 0 0
11.2 2.45627e-12 0 0
11.3 2.38159e-12 0 0
11.4 2.33698e-12 0 0
11.5 2.14414e-12 0 0
11.6 2.66616e-12 0 0
11.7 2.34371e-12 0 0
11.8 2.12722e-12 0 0
11.9 2.52175e-12 0 0
12 2.00595e-12 0 0
12.1 2.33552e-12 0 0
12.2 2.39128e-12 0 0
12.3 2.42773e-12 0 0
12.4 2.26171e-12 0 0
12.5 2.23224e-12 0 0
12.6 2.22241e-12 0 0
12.7 2.26292e-12 0 0
12.8 2.14514e-12 0 0
12.9 2.40312e-12 0 0
13 2.49639e-12 0 0
13.1 2.38408e-12 0 0
13.2 2.2345e-12 0 0
13.3 2.44166e-12 0 0
13.4 2.67433e-12 0 0
13.5 2.40114e-12 0 0
13.6 2.28812e-12 0 0
13.7 2.23396e-12 0 0
13.8 2.26293e-12 0 0
13.9 2.44761e-12 0 0
14 2.49401e-12 0 0
14.1 2.83098e-12 0 0
14.2 2.23802e-12 0 0
14.3 2.1559e-12 0 0
14.4 2.10421e-12 0 0
14.5 2.28473e-12 0 0
14.6 2.39405e-12 0 0
14.7 2.32607e-12 0 0
14.8 2.34925e-12 0 0
14.9 2.67663e-12 0 0
15 2.36024e-12 0 0
15.1 2.45786e-12 0 0
15.2 2.45626e-12 0 0
15.3 2.41271e-12 0 0
15.4 2.21434e-12 0 0
15.5 2.2317e-12 0 0
15.6 2.6124e-12 0 0
15.7 2.821e-12 0 0
15.8 2.81859e-12 0 0
15.9 2.50088e-12 0 0
16 2.20484e-12 0 0
16.1 2.35187e-12 0 0
16.2 2.40347e-12 0 0
16.3 2.26969e-12 0 0
16.4 2.37742e-12 0 0
16.5 2.33807e-12 0 0
16.6 2.21544e-12 0 0
16.7 2.48588e-12 0 0
16.8 2.34255e-12 0 0
16.9 2.38175e-12 0 0
17 2.52017e-12 0 0
17.1 2.6267e-12 0 0
17.2 2.28742e-12 0 0
17.3 2.33133e-12 0 0
17.4 2.1103e-12 0 0
17.5 2.40176e-12 0 0
17.6 2.3955e-12 0 0
17.7 2.63112e-12 0 0
17.8 2.34621e-12 0 0
17.9 2.53158e-12 0 0
18 2.19828e-12 0 0
18.1 2.31777e-12 0 0
18.2 2.54879e-12 0 0
18.3 2.22694e-12 0 0
18.4 2.39891e-12 0 0
18.5 2.36097e-12 0 0
18.6 2.49501e-12 0 0
18.7 2.46881e-12 0 0
18.8 2.64471e-12 0 0
18.9 2.45942e-12 0 0
19 2.21668e-12 0 0
19.1 2.29011e-12 0 0
19.2 2.26187e-12 0 0
19.3 2.81626e-12 0 0
19.4 2.23059e-12 0 0
19.5 2.23365e-12 0 0
19.6 2.3955e-12 0 0
19.7 2.44126e-12 0 0
19.8 2.69829e-12 0 0
19.9 2.48706e-12 0 0
20 2.25094e-12 0 0
20.1 2.28133e-12 0 0
20.2 2.48848e-12 0 0
20.3 2.7819e-12 0 0
20.4 2.34316e-12 0 0
20.5 2.54871e-12 0 0
20.6 2.41116e-12 0 0
20.7 2.37207e-12 0 0
20.8 10.1912 1e-05 1e-05
20.9 2.62082e-12 0 0
21 2.55874e-12 0 0
21.1 10.6617 4e-05 4e-05
21.2 10.5842 2e-05 2e-05
21.3 10.5237 1e-05 1e-05
21.4 10.745 1e-05 1e-05
21.5 10.7664 2e-05 2e-05
21.6 19.5155 6e-05 6e-05
21.7 11.0773 5e-05 5e-05
21.8 19.7578 0.0001 0.0001
21.9 10.2149 6e-05 6e-05
22 20.1218 6e-05 6e-05
22.1 25.96 0.00017 0.00017
22.2 25.7418 0.0001 0.0001
22.3 23.8957 0.00012 0.00012
22.4 26.1248 0.00026 0.00026
22.5 26.5463 0.00027 0.00027
22.6 26.6495 0.00032 0.00032
22.7 26.8021 0.00039 0.00039
22.8 26.4354 0.00045 0.00045
22.9 26.8791 0.00053 0.00053
23 26.6233 0.0004 0.0004
23.1 27.3953 0.00059 0.00059
23.2 26.0908 0.00067 0.00067
23.3 27.5779 0.00052 0.00052
23.4 27.343 0.00077 0.00077
23.5 27.7256 0.00073 0.00073
23.6 37.0901 0.00094 0.00094
23.7 47.2863 0.00117 0.00117
23.8 47.1197 0.00114 0.00114
23.9 47.2878 0.00133 0.00133
24 47.3781 0.00122 0.00122
24.1 47.0748 0.00163 0.00163
24.2 37.2449 0.00158 0.00158
24.3 47.462 0.0015 0.0015
24.4 47.33 0.00186 0.00186
24.5 47.2473 0.00175 0.00175
24.6 47.4333 0.00213 0.00213
24.7 47.3955 0.00216 0.00216
24.8 47.15 0.00209 0.00209
24.9 47.3338 0.00244 0.00244
25 47.4028 0.0027 0.0027
25.1 47.2586 0.00278 0.00278
25.2 47.3076 0.00304 0.00304
25.3 47.3937 0.00355 0.00355
25.4 47.5844 0.00364 0.00364
25.5 47.3918 0.00351 0.00351
25.6 47.2905 0.00343 0.00343
25.7 47.577 0.00357 0.00357
25.8 47.5374 0.00408 0.00408
25.9 47.6251 0.00412 0.00412
26 47.5063 0.00476 0.00476
26.1 47.6094 0.00447 0.00447
26.2 47.6177 0.00473 0.00473
26.3 47.6079 0.00484 0.00484
26.4 47.4622 0.00522 0.00522
26.5 47.5849 0.00556 0.00556
26.6 47.4638 0.00563 0.00563
26.7 47.6606 0.00606 0.00606
26.8 47.6282 0.00596 0.00596
26.9 47.7339 0.00575 0.00575
27 47.345 0.00642 0.00642
27.1 47.7232 0.00653 0.00653
27.2 47.7248 0.00723 0.00723
27.3 47.3648 0.00703 0.00703
27.4 47.6921 0.00703 0.00703
27.5 47.6823 0.00779 0.00779
27.6 47.7323 0.00828 0.00828
27.7 47.7206 0.00816 0.00816
27.8 47.7643 0.00825 0.00825
27.9 47.9056 0.00852 0.00852
28 47.601 0.0093 0.0093
28.1 47.665 0.00919 0.00919
28.2 47.8023 0.0096 0.0096
28.3 47.4551 0.00929 0.00929
28.4 47.5115 0.01059 0.01059
28.5 47.5514 0.01057 0.01057
28.6 47.7864 0.01065 0.01065
28.7 47.6795 0.01146 0.01146
28.8 47.7403 0.01141 0.01141
28.9 47.862 0.01119 0.01119
29 47.7964 0.01164 0.01163
29.1 47.834 0.01201 0.01201
29.2 48.1563 0.01183 0.01181
29.3 47.743 0.0125 0.01248
29.4 48.1741 0.01329 0.01324
29.5 48.4125 0.01382 0.01378
29.6 48.2105 0.01361 0.01351
29.7 48.2088 0.01376 0.01365
29.8 47.9477 0.01403 0.01388
29.9 48.4557 0.015 0.01479
30 48.3073 0.0154 0.0153
30.1 48.6968 0.01558 0.01528
30.2 48.5392 0.01616 0.01583
30.3 48.6938 0.01598 0.01553
30.4 48.9798 0.01678 0.01644
30.5 49.0094 0.0167 0.01613
30.6 48.8908 0.01657 0.01603
30.7 48.9059 0.01722 0.01666
30.8 49.3052 0.0182 0.01761
30.9 48.9009 0.01846 0.01771
31 48.7056 0.01824 0.01756
31.1 49.6827 0.01952 0.01873
31.2 49.2335 0.01992 0.01897
31.3 48.901 0.01964 0.01859
31.4 49.5488 0.02024 0.019
31.5 49.5234 0.02147 0.02013
31.6 49.7542 0.0217 0.02003
31.7 49.3504 0.02129 0.01973
31.8 49.8146 0.02191 0.0204
31.9 49.7864 0.023 0.02127
32 49.485 0.02328 0.02144
32.1 50.1539 0.02311 0.02109
32.2 49.7801 0.02357 0.0216
32.3 49.5665 0.02611 0.02403
32.4 50.55 0.02373 0.02147
32.5 50.3623 0.02529 0.02305
32.6 50.0604 0.02662 0.0241
32.7 50.6896 0.0271 0.0246
32.8 51.0083 0.02743 0.02463
32.9 50.65 0.02683 0.02394
33 51.1005 0.02748 0.02457
33.1 50.789 0.02867 0.02595
33.2 51.1885 0.02846 0.02532
33.3 51.0414 0.02901 0.02586
33.4 50.7544 0.03025 0.02685
33.5 50.9677 0.03018 0.02692
33.6 51.3517 0.03176 0.02776
33.7 51.6195 0.03193 0.02833
33.8 51.3172 0.03168 0.02792
33.9 51.1278 0.0332 0.0293
34 51.7054 0.03282 0.02892
34.1 51.0118 0.03346 0.02928
34.2 51.934 0.03471 0.03052
34.3 51.6751 0.03503 0.03086
34.4 51.8015 0.03538 0.03102
34.5 51.3969 0.03669 0.03184
34.6 52.0573 0.03677 0.03173
34.7 52.0683 0.03701 0.03213
34.8 51.6344 0.03763 0.03236
34.9 51.7982 0.03832 0.03268
35 52.4452 0.03818 0.03252
35.1 52.3061 0.03853 0.03299
35.2 52.5568 0.03967 0.03347
35.3 52.4746 0.03975 0.0336
35.4 52.5019 0.04077 0.03492
35.5 52.3858 0.04166 0.03512
35.6 52.6603 0.04304 0.03651
35.7 53.1185 0.0427 0.03626
35.8 52.9748 0.04382 0.03625
35.9 62.481 0.04407 0.03729
36 53.0179 0.04402 0.03669
36.1 53.6029 0.04399 0.03734
36.2 62.0645 0.04641 0.03911
36.3 62.5734 0.04682 0.03903
36.4 62.6416 0.0466 0.03903
36.5 63.0828 0.04877 0.0405
36.6 62.6816 0.04794 0.03985
36.7 53.8727 0.04906 0.04088
36.8 63.3063 0.04861 0.04037
36.9 63.4109 0.05098 0.04225
37 62.7739 0.05014 0.04155
37.1 63.0228 0.05173 0.04258
37.2 63.1802 0.05169 0.04264
37.3 63.4726 0.05157 0.04234
37.4 63.1914 0.05276 0.04283
37.5 63.7216 0.05187 0.04205
37.6 63.0717 0.05476 0.04487
37.7 63.9805 0.05416 0.04415
37.8 63.7667 0.05602 0.04536
37.9 64.1451 0.05522 0.04514
38 63.9863 0.05691 0.04658
38.1 64.2026 0.05652 0.04593
38.2 63.5428 0.05647 0.04538
38.3 64.3635 0.05768 0.04638
38.4 64.5037 0.05976 0.04815
38.5 64.3504 0.05881 0.04735
38.6 64.7249 0.05902 0.04773
38.7 65.0741 0.06228 0.05049
38.8 64.8502 0.06137 0.04968
38.9 65.2525 0.06113 0.04893
39 64.6912 0.06319 0.05096
39.1 65.1666 0.06356 0.05135
39.2 65.0844 0.06201 0.04963
39.3 65.3955 0.06506 0.05206
39.4 64.6982 0.0645 0.05065
39.5 65.4173 0.0645 0.05144
39.6 65.1821 0.06594 0.05266
39.7 65.1024 0.06568 0.05229
39.8 65.8073 0.0666 0.0532
39.9 65.3243 0.06821 0.05403
40 65.4196 0.06821 0.05469
